Ax	Ay	Gx	Gy
2,916060	1,456283	-262,000000	325,000000
2,916060	1,456283	-266,072662	326,493317
2,914179	1,453888	-264,026459	331,585052
2,912553	1,451818	-264,973145	331,912903
2,911149	1,450029	-265,655579	332,739258
2,909935	1,448484	-265,838104	330,738342
2,907072	1,444625	-264,502533	330,909607
2,904599	1,441290	-268,914246	329,292816
2,902461	1,438408	-270,554962	329,931854
2,900613	1,435917	-270,072357	329,669586
2,899826	1,431665	-267,890442	331,207733
2,899145	1,427990	-267,498047	331,043762
2,898557	1,424813	-270,688568	332,395386
2,898048	1,422068	-271,545380	332,884735
2,895456	1,420636	-271,878601	334,393677
2,893215	1,419399	-271,623566	332,439667
2,891279	1,418329	-269,502594	331,022430
2,889606	1,417405	-270,248901	329,526093
2,889455	1,414787	-271,436920	330,404968
2,889326	1,412525	-271,377594	330,214233
2,889213	1,410570	-272,412384	331,271179
2,889116	1,408880	-269,234039	331,098602
2,892595	1,411111	-268,930756	335,429382
2,895601	1,413039	-268,397125	336,592896
2,898198	1,414705	-271,465576	334,747589
2,900444	1,416145	-274,253235	332,745514
2,902728	1,418013	-273,947357	332,237030
2,904703	1,419627	-276,941132	332,612122
2,906410	1,421022	-279,528473	331,850250
2,907885	1,422228	-277,148895	331,870575
2,909598	1,423867	-279,708038	331,888153
2,911079	1,425282	-280,019196	334,618439
2,912359	1,426506	-280,831116	331,004852
2,913465	1,427564	-279,089233	330,189667
2,912202	1,428324	-276,362030	330,028168
2,911110	1,426860	-275,226837	332,875214
2,910167	1,425595	-274,788788	333,978210
2,909352	1,424502	-272,916901	333,573914
2,912133	1,423557	-271,842133	329,423340
2,914536	1,420942	-271,456299	327,872559
2,916612	1,418682	-269,765289	326,396545
2,918407	1,416729	-268,711121	329,057800
2,919958	1,415041	-271,058167	327,420898
2,921614	1,417552	-270,507263	328,721313
2,923045	1,419722	-271,388672	330,116699
2,924282	1,421597	-269,028076	329,286316
2,925350	1,423218	-269,431519	328,161407
2,923874	1,422371	-270,323212	330,718842
2,922598	1,421640	-273,130188	329,942474
2,921495	1,421008	-273,927032	332,122375
2,920542	1,420462	-272,850891	332,241516
2,917204	1,417820	-271,377838	329,086365
2,914318	1,415538	-271,462311	330,160675
2,911825	1,413565	-271,535309	330,138855
2,909670	1,411860	-271,462646	331,749054
2,906110	1,411352	-273,979187	330,561310
2,903033	1,410913	-274,932312	329,806335
2,900374	1,410534	-272,090637	327,932068
2,898077	1,410206	-270,992279	332,421204
2,897138	1,407944	-271,807861	329,648926
2,896327	1,405989	-271,155182	329,696594
2,895626	1,404299	-266,789948	330,145050
2,895020	1,402839	-266,275452	328,224792
2,892349	1,402708	-266,238068	331,452393
2,890041	1,402594	-266,341492	331,662476
2,888046	1,402496	-269,145996	332,251312
2,886322	1,402412	-270,076477	330,452393
2,885834	1,403420	-269,251556	329,712189
2,885413	1,404292	-270,982208	330,565796
2,885049	1,405045	-270,848877	328,316895
2,884734	1,405696	-270,869385	328,816895
2,882759	1,407251	-269,393799	328,705994
2,881052	1,408595	-269,747589	328,881653
2,879577	1,409756	-270,596375	328,761963
2,878302	1,410760	-271,058441	327,300964
2,875715	1,411631	-269,285706	325,766815
2,873480	1,410576	-270,468719	329,599609
2,871547	1,409666	-271,219604	329,789734
2,869878	1,408878	-271,054047	332,533386
2,867573	1,408198	-271,182465	333,954285
2,867702	1,405771	-272,786743	331,652649
2,867814	1,403674	-271,865417	331,021027
2,867910	1,401861	-271,476410	327,081268
2,867994	1,400294	-272,633545	329,785339
2,869146	1,397285	-271,733002	328,049652
2,870141	1,394685	-268,646881	328,721680
2,871002	1,392438	-265,979706	331,610321
2,871745	1,390496	-268,969086	331,527466
2,873331	1,389919	-265,579407	329,419525
2,874701	1,389420	-264,143188	330,991638
2,875885	1,388989	-265,481293	329,363708
2,876908	1,388617	-266,094727	330,536133
2,881379	1,389359	-263,502533	330,056091
2,885243	1,389999	-264,520355	331,134521
2,888582	1,390553	-266,486053	330,030212
2,891468	1,391032	-266,827332	333,555756
2,894863	1,389713	-267,393799	334,023315
2,897798	1,388573	-268,426392	334,291656
2,900334	1,387588	-269,183044	335,473846
2,902525	1,386737	-272,280579	333,373199
2,905096	1,384316	-272,921265	331,421967
2,907318	1,382225	-271,167145	329,464111
2,909238	1,380417	-271,551727	328,586578
2,910898	1,378854	-271,341064	326,877899
2,912734	1,376034	-270,480225	324,993896
2,914320	1,373596	-269,736267	326,623779
2,915692	1,371490	-270,858124	327,353638
2,916877	1,369669	-272,099182	328,255920
2,915665	1,369682	-271,406952	329,442963
2,914617	1,369693	-271,215942	330,740387
2,913712	1,369702	-271,865417	331,182892
2,912929	1,369710	-273,105499	333,194397
2,910084	1,370964	-273,769958	332,489227
2,907624	1,372047	-272,172119	332,422821
2,905499	1,372983	-269,705170	330,057587
2,903662	1,373792	-269,337921	332,357605
2,900111	1,374491	-267,255707	329,458191
2,897043	1,376188	-267,221008	327,766937
2,894391	1,377654	-266,512238	329,427643
2,892099	1,378922	-267,392975	330,048370
2,890123	1,380017	-267,339630	332,756897
2,889525	1,379423	-266,750488	330,074799
2,889009	1,378909	-267,870392	331,014923
2,888563	1,378465	-268,023743	329,383850
2,888177	1,378082	-268,970795	327,295410
2,891716	1,379124	-267,209930	327,255310
2,894774	1,380024	-267,452942	327,763672
2,897417	1,380802	-268,070221	327,524231
2,899701	1,381474	-270,504272	327,996094
2,899011	1,386134	-267,313446	329,218414
2,898416	1,390161	-270,257507	327,831207
2,897901	1,393642	-269,408020	328,125641
2,897456	1,396650	-267,316315	326,751038
2,897937	1,402536	-265,508545	325,155762
2,898352	1,407623	-266,254028	326,899445
2,898712	1,412020	-266,491058	327,320374
2,899022	1,415820	-267,917694	326,462341
2,900135	1,419416	-267,250092	324,906281
2,901096	1,422524	-265,179810	325,190521
2,901927	1,425210	-266,784454	328,015503
2,902646	1,427531	-266,134949	331,000000
2,903999	1,430009	-265,573608	329,370941
2,905168	1,432150	-269,839905	329,320587
2,906178	1,434001	-271,626465	330,906128
2,907052	1,435600	-271,405670	332,819458
2,908382	1,434480	-270,671814	332,708221
2,909533	1,433513	-272,073914	331,526031
2,910527	1,432676	-272,878418	334,576996
2,911386	1,431954	-273,030670	333,548370
2,912895	1,429323	-273,569519	335,238739
2,914199	1,427049	-274,849762	336,835388
2,915326	1,425084	-277,585266	334,549896
2,916301	1,423385	-276,148254	334,339478
2,917746	1,421147	-273,277283	333,478851
2,918995	1,418152	-271,339081	332,327789
2,920074	1,415564	-273,465118	331,876038
2,921007	1,413327	-272,451691	331,892853
2,922202	1,411393	-273,069153	330,685608
2,923234	1,410595	-274,281555	330,185272
2,924126	1,409904	-274,650604	329,888611
2,924897	1,409308	-273,068970	330,175232
2,925564	1,408792	-274,145660	330,422943
2,923647	1,406309	-273,854370	331,315826
2,921990	1,404164	-273,874146	332,766266
2,920558	1,402310	-274,570007	329,947144
2,919320	1,400708	-271,777527	331,990662
2,916073	1,397746	-270,721680	331,041656
2,913267	1,395187	-273,203064	331,579010
2,910842	1,392975	-272,089447	330,007111
2,908746	1,391063	-273,027588	330,006134
2,905158	1,390474	-276,010468	330,548309
2,902057	1,389965	-273,836975	329,795105
2,899377	1,389525	-275,080902	329,551422
2,897061	1,389145	-274,255402	329,612305
2,893202	1,389635	-275,442535	331,294006
2,889867	1,390058	-271,852814	332,340149
2,886985	1,390424	-271,601288	331,072174
2,884494	1,390740	-271,112396	332,962952
2,883285	1,391941	-268,925049	333,918274
2,882241	1,392979	-267,849182	333,250580
2,881338	1,393875	-269,634460	331,994751
2,880558	1,394651	-269,955597	330,909424
2,886317	1,393254	-271,047668	329,156891
2,891294	1,392047	-271,991486	330,221619
2,895595	1,391003	-272,264160	332,092102
2,899312	1,390102	-273,585846	330,314789
2,905976	1,387603	-272,148773	330,815063
2,911734	1,385444	-275,115204	325,817230
2,916711	1,383578	-272,112946	327,335358
2,921012	1,381965	-273,455170	324,574738
2,924882	1,381745	-270,270996	325,311249
2,928226	1,381555	-271,455994	323,232666
2,931117	1,381390	-269,900787	324,151367
2,933615	1,381248	-269,506989	324,945343
2,935925	1,381127	-272,153259	325,767303
2,937921	1,379274	-272,403961	328,242493
2,939646	1,377672	-271,941864	327,259277
2,941138	1,376288	-270,863708	330,210693
2,942558	1,375092	-272,104004	331,132385
2,943785	1,372536	-275,076508	329,892609
2,944846	1,370327	-274,115845	328,821136
2,945762	1,368418	-273,149841	330,067200
2,946555	1,366768	-269,871368	329,922333
2,944491	1,366553	-272,060913	330,204376
2,942707	1,366368	-272,324158	328,683319
2,941166	1,366207	-271,194122	332,527466
2,939834	1,366069	-269,267212	330,419525
2,938969	1,367247	-270,452728	329,683807
2,938222	1,368265	-269,848236	331,084290
2,937576	1,369145	-268,511292	330,665588
2,937018	1,369906	-269,120667	328,946167
2,936868	1,371761	-271,004852	331,804321
2,936739	1,373364	-268,560608	330,337585
2,936627	1,374749	-268,212982	330,563263
2,936531	1,375946	-267,641052	329,400757
2,933841	1,375201	-265,924957	329,074829
2,931517	1,374557	-267,835724	328,114380
2,929508	1,374001	-267,450745	328,913391
2,927772	1,373520	-270,104645	330,825714
2,926908	1,371817	-273,484314	329,220306
2,926162	1,370346	-271,110718	327,289825
2,925518	1,369074	-272,181732	326,978973
2,924961	1,367975	-269,984985	328,067871
2,924897	1,365583	-270,258545	330,502258
2,924841	1,363516	-275,925171	329,483795
2,924794	1,361729	-276,749847	329,010864
2,924752	1,360185	-274,611725	330,502686
2,927895	1,363054	-273,035370	329,891418
2,930611	1,365532	-270,043945	328,548615
2,932959	1,367675	-269,494965	329,424438
2,934988	1,369526	-268,341736	327,601990
2,937195	1,372363	-270,603180	330,506866
2,939103	1,374814	-272,150360	333,153168
2,940752	1,376933	-268,600311	333,268127
2,942177	1,378764	-268,790314	334,317780
2,940795	1,380347	-268,275757	330,744995
2,939600	1,379762	-269,595886	333,087463
2,938568	1,379257	-272,365845	333,075592
2,937676	1,378820	-267,972015	331,028992
2,936902	1,378443	-266,754028	330,617798
2,939697	1,376575	-266,380157	326,189758
2,942113	1,374962	-264,699493	326,299744
2,944201	1,373567	-265,554810	327,616608
2,946005	1,372362	-264,121948	326,446869
2,947757	1,372624	-268,585327	326,929230
2,949271	1,372851	-267,419830	328,432129
2,950579	1,373047	-269,127655	331,903107
2,951710	1,373216	-270,603638	333,952576
2,952878	1,371572	-270,385925	335,180817
2,953886	1,370150	-268,568726	334,748993
2,954758	1,368922	-268,763031	335,054565
2,955512	1,367861	-270,152740	333,553864
2,953619	1,365570	-270,675018	331,985382
2,951984	1,363591	-271,126404	334,159454
2,950571	1,361880	-270,158966	331,965729
2,949349	1,360402	-268,644073	333,735199
2,945633	1,360847	-270,321442	336,214752
2,942421	1,361231	-272,857147	338,357666
2,939646	1,361563	-273,012299	337,087311
2,937247	1,361850	-272,874878	338,297241
2,932724	1,360540	-274,249420	336,763580
2,928814	1,359408	-276,930664	338,288971
2,925436	1,358429	-276,532806	335,941895
2,922516	1,357583	-275,645935	338,393372
2,917797	1,355431	-277,458832	335,624878
2,913719	1,353571	-277,668060	334,046753
2,910195	1,351964	-279,749451	335,262207
2,907149	1,350575	-277,747131	333,054535
2,905595	1,348473	-275,202118	332,368347
2,904251	1,346656	-275,989197	330,146271
2,903090	1,345085	-277,891235	326,868286
2,902086	1,343728	-278,584778	330,280060
2,899115	1,342088	-276,876343	329,427521
2,896548	1,342792	-276,757385	330,184021
2,894328	1,343401	-273,803711	328,122711
2,892411	1,343926	-274,373383	328,377563
2,889077	1,344381	-274,865723	329,955383
2,886196	1,346256	-274,476685	330,232941
2,883707	1,347876	-273,733185	330,608582
2,881555	1,349276	-275,669983	334,462860
2,879695	1,350486	-272,863922	333,856995
2,876662	1,352975	-272,339386	334,012177
2,874042	1,355125	-272,293304	332,788727
2,871776	1,356984	-270,624420	335,804016
2,869819	1,358590	-271,082672	337,052429
2,869407	1,358521	-269,849640	338,131348
2,869051	1,358461	-270,005798	338,928040
2,868743	1,358409	-270,548035	339,073578
2,868477	1,358364	-269,116089	338,927826
2,872530	1,356916	-267,607025	339,073364
2,876033	1,355665	-267,796143	341,099731
2,879060	1,354584	-267,823822	342,307983
2,881676	1,353650	-268,255005	340,501343
2,884640	1,354280	-271,750031	339,075745
2,887201	1,354825	-274,227570	335,264313
2,889415	1,355295	-273,382141	336,857483
2,891328	1,355702	-272,244232	336,876831
2,893664	1,357432	-272,754089	334,449951
2,895682	1,358926	-271,429932	331,945282
2,897427	1,360218	-267,977692	334,667816
2,898935	1,361334	-269,202515	332,676575
2,900960	1,363751	-266,459930	333,263489
2,902711	1,365840	-268,162323	331,598663
2,904224	1,367646	-270,719635	333,417969
2,905531	1,369206	-273,880066	332,275177
2,907418	1,371703	-273,896362	331,559052
2,909048	1,373860	-272,281372	328,225037
2,910457	1,375724	-271,971649	326,565430
2,911675	1,377336	-273,333038	325,674133
2,911130	1,377219	-271,387268	325,446869
2,910659	1,377117	-270,927429	327,965546
2,910252	1,377030	-269,036713	326,341156
2,909900	1,376954	-268,624451	326,566345
2,907185	1,376889	-271,526306	327,711243
2,904838	1,377952	-272,676666	325,714111
2,902810	1,378870	-272,856323	324,395386
2,901057	1,379664	-275,862427	324,613220
2,897761	1,380350	-276,695648	325,616028
2,894912	1,382020	-275,922424	328,111755
2,892450	1,383463	-275,389923	329,997162
2,890322	1,384711	-272,621887	325,924896
2,888483	1,385789	-266,971497	327,021118
2,887951	1,390449	-267,518372	326,882507
2,887492	1,394477	-267,312256	326,083923
2,887095	1,397958	-265,912323	328,923401
2,886752	1,400967	-269,589600	329,205322
2,887623	1,404359	-268,966553	327,412628
2,888376	1,407290	-268,292328	326,813599
2,889026	1,409824	-268,524139	326,974670
2,889589	1,412013	-268,996002	329,828979
2,888102	1,414475	-269,946838	329,716431
2,886817	1,416602	-270,361328	330,162201
2,885707	1,418441	-272,620117	326,474792
2,884747	1,420030	-274,436493	327,360626
2,882372	1,418979	-276,956573	328,669220
2,880320	1,418070	-274,383118	329,935913
2,878546	1,417285	-272,159027	328,587067
2,877012	1,416607	-269,965363	330,543701
2,876975	1,416878	-268,612518	329,519592
2,876943	1,417112	-270,158417	327,955750
2,876915	1,417314	-268,372101	326,061188
2,876890	1,417489	-269,679138	327,410431
2,871933	1,415271	-267,279114	325,997162
2,867648	1,413354	-265,069153	328,576904
2,863945	1,411698	-266,281555	329,448883
2,860745	1,410266	-266,243347	331,967285
2,862157	1,409929	-267,160583	331,157196
2,863377	1,409638	-264,287933	328,149231
2,864432	1,409387	-269,000275	328,264740
2,865343	1,409169	-269,271759	327,957275
2,870159	1,412519	-268,827606	327,963074
2,874322	1,415413	-271,158844	331,361969
2,877919	1,417915	-273,852386	331,041321
2,881028	1,420077	-273,193665	333,207794
2,881810	1,421946	-273,167358	333,451080
2,882486	1,424116	-271,108307	334,883148
2,883070	1,425992	-270,822083	337,071106
2,883574	1,427614	-270,981995	336,789948
2,884017	1,429015	-269,355377	334,510620
2,882385	1,433575	-268,492615	333,626770
2,880975	1,437516	-270,733582	330,283569
2,879756	1,440922	-268,869171	329,702057
2,878703	1,443866	-266,850616	330,149780
2,876039	1,449339	-266,735138	329,857941
2,873736	1,454068	-267,042603	329,605713
2,871745	1,458156	-267,579834	328,030182
2,870025	1,461688	-270,080475	330,333923
2,869858	1,464753	-270,205292	329,609802
2,869714	1,467401	-269,498657	328,984009
2,869589	1,469690	-271,874542	327,357117
2,869481	1,471668	-272,841858	326,358337
2,873350	1,473458	-273,677856	327,938751
2,876694	1,475004	-271,956787	328,490082
2,879584	1,476341	-269,519073	327,609009
2,882082	1,477496	-269,855865	329,969940
2,888056	1,475742	-267,567596	331,060059
2,893219	1,474227	-266,540253	327,658020
2,897681	1,472917	-267,145691	327,297180
2,901538	1,471784	-269,569519	327,935608
2,905454	1,468230	-268,949188	328,215851
2,908838	1,465158	-269,634857	328,186554
2,911763	1,462503	-266,426300	327,346710
2,914291	1,460208	-267,318726	330,557770
2,916784	1,455833	-268,225739	330,346283
2,918939	1,452052	-270,638672	328,670197
2,920801	1,448784	-269,873199	328,850739
2,922410	1,445960	-270,161926	328,056458
2,921555	1,441613	-269,461182	331,714172
2,920816	1,437855	-267,769501	333,925049
2,920177	1,434608	-268,343811	335,700043
2,919626	1,431802	-268,432892	333,840179
2,917014	1,428413	-269,867432	333,590363
2,914757	1,421241	-267,306091	332,831451
2,912807	1,415043	-268,079071	333,397339
2,911121	1,409687	-272,548248	332,257355
2,910664	1,405058	-272,202301	333,715729
2,910269	1,404953	-272,446350	331,446472
2,909927	1,404862	-271,435455	332,743408
2,909632	1,404784	-268,932739	331,420685
2,909377	1,404716	-267,312805	331,906586
2,909642	1,405256	-269,849701	326,353302
2,909871	1,405722	-270,548889	324,540527
2,910068	1,406124	-270,338623	324,331390
2,910239	1,406473	-270,564178	327,680267
2,910949	1,407723	-271,845154	328,130951
2,911563	1,408803	-271,187408	330,149506
2,912093	1,409737	-267,768097	329,993469
2,912551	1,410544	-271,600708	328,772552
2,913625	1,412032	-269,482819	327,174377
2,914553	1,413319	-268,466980	326,336182
2,915355	1,414430	-271,118683	327,105072
2,916048	1,415391	-270,966827	327,090820
2,919951	1,416913	-271,378601	328,843323
2,923324	1,418227	-266,847290	330,765167
2,926239	1,419363	-266,189240	328,760712
2,928759	1,420345	-265,349030	330,558014
2,934128	1,421663	-267,066467	328,581696
2,938768	1,422803	-267,193207	332,711151
2,942779	1,423787	-265,537903	332,750366
2,946245	1,424638	-267,093933	329,797638
2,946253	1,422979	-266,945435	330,096619
2,946259	1,421545	-268,717651	332,934357
2,946265	1,420306	-269,570526	334,436584
2,946270	1,419235	-270,850616	332,884003
2,943194	1,415934	-271,278168	333,985779
2,940535	1,413082	-271,783417	335,209503
2,938237	1,410616	-268,554688	335,588318
2,936251	1,408485	-267,393341	334,829681
2,934978	1,407612	-267,611450	333,359497
2,933879	1,406857	-268,342987	335,347015
2,932929	1,406204	-267,753418	333,263580
2,932107	1,405640	-270,094727	332,684784
2,934823	1,405152	-271,032166	332,184570
2,937171	1,402915	-271,842316	333,245544
2,939199	1,400982	-274,443085	333,347961
2,940953	1,399311	-274,654449	330,178345
2,941216	1,397867	-275,787415	331,511688
2,945685	1,397660	-275,273254	330,491943
2,949548	1,397481	-273,878601	329,882141
2,952886	1,397326	-273,352051	331,119934
2,955771	1,397192	-274,933319	330,289124
2,958271	1,400569	-272,498779	331,200165
2,960431	1,403488	-273,245605	329,679688
2,962298	1,406011	-274,026794	326,465057
2,963912	1,408191	-277,281281	330,474579
2,965317	1,410994	-277,378845	330,953186
2,966530	1,413416	-275,155334	329,466248
2,967579	1,415509	-275,813019	330,760498
2,968486	1,417318	-273,259064	331,064514
2,966568	1,416976	-270,373047	326,304321
2,964911	1,416681	-271,679962	325,584229
2,963478	1,416426	-271,723419	327,405487
2,962240	1,416206	-269,453125	326,671661
2,958198	1,414063	-268,305573	325,087158
2,954705	1,412212	-270,571930	324,803802
2,951686	1,410612	-271,173065	327,274017
2,949077	1,409230	-270,742310	329,137390
2,944412	1,405975	-270,505768	329,933258
2,940380	1,403163	-272,066162	328,584778
2,936896	1,400732	-270,156616	328,641144
2,933884	1,398631	-270,814117	328,554108
2,926285	1,398092	-270,703583	326,714081
2,919717	1,397626	-270,879578	327,703186
2,914041	1,397224	-273,611023	330,051331
2,909135	1,396876	-273,256561	330,858887
2,906012	1,394757	-272,678711	332,099854
2,903312	1,392926	-270,821747	332,765076
2,900980	1,391344	-273,425293	332,118195
2,898963	1,389977	-274,046326	330,201569
2,889708	1,384488	-274,990326	329,902679
2,881708	1,379744	-275,127380	328,015320
2,874795	1,375644	-273,345276	326,791443
2,868820	1,372101	-274,927460	327,634277
2,865220	1,369039	-273,851257	328,769958
2,862108	1,367862	-271,563599	330,294495
2,859418	1,366844	-273,251892	328,353943
2,857094	1,365965	-273,760712	328,577393
2,855091	1,365205	-272,299896	330,942596
2,854661	1,365978	-272,394928	330,407379
2,854289	1,366646	-271,391022	329,401794
2,853968	1,367224	-273,781525	332,469604
2,853691	1,367723	-272,860901	334,713684
2,852410	1,369255	-271,522247	330,679901
2,851303	1,370580	-271,994385	334,388733
2,850346	1,371725	-271,859406	332,028137
2,849519	1,372715	-275,951141	330,802521
2,847449	1,369285	-277,179565	332,458405
2,845660	1,366321	-276,747925	332,260406
2,844114	1,363759	-273,931274	331,274780
2,842777	1,361545	-275,298157	331,780487
2,842902	1,361022	-275,800690	329,909729
2,843011	1,360571	-275,691986	330,193481
2,843104	1,360181	-273,561707	333,153839
2,843185	1,359844	-274,843018	331,911163
2,841752	1,361137	-276,086121	329,886902
2,840514	1,362255	-275,667175	330,309509
2,839443	1,363220	-276,662659	328,502686
2,838519	1,364055	-276,979950	328,434448
2,836404	1,363246	-273,724548	328,782745
2,834577	1,362547	-271,454102	329,491028
2,832997	1,361943	-275,465118	330,781921
2,831632	1,361421	-272,551117	332,033325
2,832178	1,362425	-273,290833	330,128235
2,832649	1,363294	-272,844086	333,097443
2,833057	1,364044	-273,815552	332,948456
2,833409	1,364692	-271,261230	330,240356
2,832327	1,363798	-272,176056	332,787079
2,831393	1,363024	-271,609131	333,766266
2,830585	1,362356	-267,453796	333,662231
2,829886	1,361779	-265,898895	331,400238
2,828341	1,360793	-269,306488	330,802887
2,827007	1,362062	-272,930267	332,051453
2,825853	1,363158	-271,039154	329,600861
2,824856	1,364106	-271,441101	330,605347
2,825692	1,364925	-271,652740	328,351074
2,826415	1,364163	-270,478088	330,475494
2,827040	1,363505	-270,005920	329,460663
2,827580	1,362936	-269,054840	328,447845
2,828047	1,362444	-271,083710	327,844025
2,830292	1,357747	-271,208099	323,928314
2,832233	1,353688	-273,080414	324,481079
2,833910	1,350180	-276,734894	323,058228
2,835359	1,347148	-276,906647	323,186066
2,837902	1,346185	-277,462341	325,468658
2,840100	1,345353	-276,449280	327,169861
2,842000	1,344635	-276,659790	326,468018
2,843641	1,344013	-276,027191	327,490509
2,846119	1,344950	-276,973785	327,288177
2,848261	1,345759	-276,027069	328,470856
2,850111	1,346459	-275,344604	326,777863
2,851711	1,347063	-278,963226	329,523132
2,851543	1,346252	-279,239716	327,415802
2,851397	1,345551	-276,220551	328,445404
2,851272	1,344945	-272,932495	329,335236
2,851163	1,344421	-271,448364	330,511536
2,852540	1,345767	-270,708710	331,392365
2,853729	1,346931	-272,513062	329,302765
2,854758	1,347936	-269,864075	328,990143
2,855646	1,348805	-272,869141	329,806000
2,857512	1,348192	-273,429932	331,325653
2,859126	1,347662	-275,000641	331,824463
2,860520	1,347205	-273,371490	332,255554
2,861724	1,346809	-271,284729	331,542084
2,864102	1,345278	-272,196350	329,160645
2,866157	1,343955	-275,563568	329,817627
2,867933	1,342811	-275,894318	328,892090
2,869468	1,341822	-274,958374	329,449768
2,871879	1,342681	-277,000366	329,252960
2,873963	1,343424	-274,963989	330,168915
2,875764	1,344065	-276,190674	331,910797
2,877321	1,344620	-277,115082	332,465942
2,879684	1,345099	-277,235199	329,959106
2,881727	1,344385	-273,266357	326,435028
2,883492	1,343769	-274,316254	327,733521
2,885018	1,343236	-271,829742	327,226685
2,887388	1,342776	-272,260132	324,480804
2,889437	1,344270	-272,496338	324,958557
2,891208	1,345562	-272,428955	325,371460
2,892738	1,346679	-270,877411	328,036133
2,894060	1,347643	-270,215271	331,153595
2,893468	1,349901	-271,272095	333,983612
2,892956	1,351852	-271,370911	334,121582
2,892514	1,353538	-269,827240	330,032410
2,892131	1,354995	-271,615509	331,521301
2,889930	1,357818	-269,631378	331,179016
2,888028	1,360258	-269,002655	331,290466
2,886384	1,362367	-271,581635	334,373413
2,884963	1,364190	-270,552399	331,471863
2,884681	1,366896	-272,785248	331,950836
2,884437	1,369235	-271,592590	331,007233
2,884226	1,371256	-271,240631	330,327484
2,884044	1,373003	-271,207977	329,468506
2,882449	1,372895	-271,858521	330,762451
2,881071	1,372802	-272,556488	330,794708
2,879880	1,372722	-273,295471	329,600769
2,878850	1,372653	-274,477142	328,161652
2,879138	1,370833	-272,647552	330,176025
2,879386	1,369260	-273,238434	325,807953
2,879601	1,367900	-274,970886	328,141876
2,879786	1,366725	-274,431824	327,036560
2,881019	1,364489	-273,965942	326,760101
2,882084	1,362557	-272,748779	327,742950
2,883005	1,360886	-274,683441	329,406921
2,883801	1,359443	-275,133667	329,487427
2,882715	1,359648	-274,844025	329,828522
2,881777	1,359825	-272,285858	329,308777
2,880967	1,359977	-274,419128	328,723846
2,880266	1,360110	-272,190155	330,118896
2,877942	1,358796	-273,521881	325,079803
2,875933	1,357661	-273,043762	327,919830
2,874197	1,356680	-273,580841	329,695526
2,872696	1,355832	-271,329895	331,230164
2,867016	1,355099	-272,642670	331,063171
2,862107	1,353145	-272,283905	330,783081
2,857864	1,351456	-270,480560	330,405273
2,854197	1,349996	-271,908630	328,313934
2,851026	1,348734	-276,400940	330,036133
2,850050	1,349338	-274,445923	330,709991
2,849207	1,349860	-271,806030	331,563904
2,848478	1,350312	-272,646881	329,451019
2,847848	1,350702	-274,323883	331,290375
2,848844	1,352330	-276,451996	330,300659
2,849705	1,353737	-276,662140	329,038055
2,850449	1,354954	-277,522522	332,155243
2,851092	1,356005	-278,266113	332,405670
2,853132	1,358570	-276,193665	332,079102
2,854896	1,360787	-278,339447	332,611389
2,856420	1,362703	-273,541931	332,256866
2,857737	1,364358	-270,617493	332,086243
2,857189	1,369672	-269,311859	333,567841
2,856715	1,374265	-270,491333	329,961121
2,856305	1,378234	-268,252563	329,423370
2,855951	1,381664	-270,933380	328,551361
2,857347	1,388645	-266,055237	330,784363
2,858553	1,394678	-265,504730	328,777313
2,859595	1,399892	-268,287079	327,585754
2,860496	1,404399	-269,469910	328,863800
2,865260	1,411614	-272,799988	326,167175
2,869377	1,417850	-274,863464	325,465698
2,872936	1,423240	-274,746246	326,488525
2,876011	1,427898	-273,966156	325,200409
2,879570	1,432239	-274,106506	326,123474
2,882647	1,435992	-272,870239	323,527374
2,885306	1,439234	-271,801819	323,998810
2,887604	1,442037	-272,914764	326,035309
2,893275	1,447454	-272,926331	326,980804
2,898177	1,452136	-272,664825	326,304626
2,902413	1,456183	-271,352783	326,399017
2,906074	1,459680	-272,526672	326,752106
2,909734	1,462333	-272,455170	328,143311
2,912898	1,462504	-271,443085	329,481415
2,915631	1,462653	-269,075104	331,588135
2,917994	1,462781	-269,064911	331,508301
2,920516	1,462892	-268,513092	332,118073
2,922695	1,460382	-269,936737	332,916565
2,924578	1,458214	-272,524658	329,398254
2,926206	1,456340	-268,923798	331,652039
2,927613	1,454720	-267,848114	333,328339
2,926538	1,451048	-271,262604	332,333466
2,925609	1,447874	-271,091187	333,102722
2,924806	1,445131	-270,807312	329,830658
2,924112	1,442761	-268,661377	329,717896
2,921261	1,441233	-268,300079	330,977997
2,918797	1,439913	-267,037537	329,623444
2,916668	1,438771	-267,846985	326,959473
2,914828	1,437785	-265,424164	327,643738
2,908410	1,437651	-266,316864	327,013336
2,902864	1,437535	-265,730835	328,233337
2,898071	1,437435	-270,926086	331,731293
2,893928	1,437348	-271,207642	333,939850
2,888208	1,437680	-269,414642	330,554138
2,883265	1,437967	-269,494110	330,614655
2,878993	1,438214	-269,970062	331,617249
2,875300	1,438429	-275,132813	329,904388
2,873438	1,439116	-273,214203	329,510101
2,871829	1,439710	-272,642090	327,947540
2,870438	1,440224	-273,505219	325,511078
2,869236	1,440667	-274,386932	328,156799
2,869354	1,441657	-274,062897	330,986359
2,869456	1,442512	-275,140411	329,902161
2,869544	1,443252	-276,750397	330,729980
2,869620	1,443891	-271,897095	325,200684
2,865221	1,444791	-270,825012	324,901917
2,861419	1,445570	-269,626984	326,680054
2,858133	1,446242	-270,084900	324,415649
2,855293	1,446824	-271,023651	325,037994
2,851243	1,450686	-267,083527	326,390381
2,847743	1,454025	-268,158234	323,350769
2,844718	1,456910	-269,765808	322,624390
2,842104	1,459403	-269,933350	322,268127
2,841340	1,461558	-268,720612	321,688721
2,840679	1,466013	-266,450714	324,853333
2,840108	1,469864	-269,376129	325,144745
2,839615	1,473192	-269,053558	327,297180
2,839883	1,476068	-269,317810	329,021667
2,837993	1,475507	-273,211578	330,919312
2,836360	1,475023	-273,590118	330,658752
2,834949	1,474604	-273,510010	327,311188
2,833729	1,474242	-276,834656	325,775635
2,834288	1,474074	-275,771057	323,634003
2,834770	1,473928	-276,752411	324,090942
2,835188	1,473803	-276,514526	329,508789
2,835548	1,473695	-272,507782	331,883301
2,837413	1,473751	-274,610931	331,356110
2,839025	1,473800	-272,763184	330,900513
2,840418	1,473842	-272,388062	331,864319
2,841622	1,473878	-270,299042	332,154236
2,841316	1,471316	-264,963989	332,133301
2,841052	1,469102	-267,819733	329,128601
2,840823	1,467188	-268,522980	329,789917
2,840626	1,465534	-268,451996	329,139648
2,839150	1,464450	-268,933655	326,812866
2,837875	1,463512	-270,435974	325,073456
2,836773	1,462702	-270,512543	319,497528
2,835821	1,462001	-273,293823	322,416595
2,836638	1,461442	-274,068451	322,495789
2,837344	1,460958	-273,651886	325,550842
2,837954	1,460540	-275,599731	325,476074
2,838482	1,460178	-279,726715	325,818695
2,840124	1,460306	-275,826904	323,671234
2,841543	1,460417	-272,456512	326,702484
2,842769	1,460513	-273,073303	325,385315
2,843829	1,460595	-273,742126	326,690552
2,843675	1,458395	-273,641388	330,126434
2,843542	1,456494	-276,269409	330,380768
2,843427	1,454850	-276,368591	330,736328
2,843328	1,453430	-274,417969	331,179382
2,841904	1,449817	-271,646118	330,476257
2,840673	1,446694	-271,151154	328,918304
2,839609	1,443996	-270,859131	331,780243
2,838690	1,441664	-271,421265	332,353088
2,842051	1,439648	-268,784729	333,255432
2,844956	1,438478	-265,827332	331,048676
2,847467	1,437466	-269,380402	330,499054
2,849637	1,436592	-272,451141	330,702820
2,851511	1,435837	-269,810547	329,657135
2,854398	1,433158	-270,650787	332,418793
2,856893	1,430842	-271,784241	335,348541
2,859049	1,428841	-271,270508	336,251526
2,860913	1,427112	-271,369537	336,896149
2,863629	1,426367	-271,183624	333,923645
2,865977	1,425723	-272,380493	331,897675
2,868006	1,425167	-270,156769	331,232788
2,869760	1,424686	-272,171814	329,843628
2,872345	1,424995	-272,012726	330,000610
2,874579	1,425262	-272,146759	328,914490
2,876509	1,425493	-272,534088	325,532227
2,878178	1,425692	-274,090637	325,731476
2,877683	1,426444	-272,720795	324,274628
2,877255	1,427094	-274,659271	327,359711
2,876885	1,427655	-274,434021	327,039368
2,876566	1,428141	-272,746033	324,997681
2,875005	1,429397	-272,644745	325,676758
2,873657	1,430482	-271,471191	328,028473
2,872491	1,431420	-272,493256	329,925171
2,871484	1,432231	-270,661469	333,329193
2,871793	1,433542	-269,078369	331,655457
2,872061	1,434675	-272,733124	330,073181
2,872292	1,435654	-272,497833	330,470520
2,872491	1,436501	-271,615723	330,270905
2,873951	1,434986	-270,174591	328,197815
2,875213	1,433678	-270,422394	332,650879
2,876303	1,432547	-269,822021	332,155243
2,877245	1,431569	-268,895905	332,677185
2,878899	1,431417	-268,638519	331,906464
2,880328	1,431285	-268,144562	333,955475
2,881563	1,431170	-267,717682	332,060944
2,882630	1,431072	-268,706299	328,930298
2,881956	1,431868	-270,375244	329,347015
2,881373	1,429375	-274,261200	330,657471
2,880869	1,427220	-273,954224	331,518494
2,880434	1,425358	-274,096191	329,411774
2,881226	1,423748	-276,798248	327,591064
2,881911	1,420242	-276,689880	328,189606
2,882502	1,417212	-274,695648	327,077820
2,883014	1,414594	-270,664307	326,795746
2,883456	1,412331	-273,289215	328,045258
2,885115	1,408687	-272,706940	328,853638
2,886549	1,405538	-274,647308	331,860107
2,887789	1,402817	-276,324249	332,557861
2,888861	1,400465	-275,601440	333,432404
2,890550	1,399707	-276,741577	331,608887
2,892010	1,399053	-276,505157	328,811127
2,893272	1,398487	-277,251099	328,157990
2,894363	1,397999	-275,859467	330,037109
2,898819	1,398547	-276,421570	328,403015
2,902670	1,399020	-278,129150	325,225922
2,905999	1,399430	-276,346802	325,466766
2,908876	1,399783	-275,077911	326,760956
2,912043	1,401097	-274,117035	327,064911
2,914781	1,402232	-271,250275	325,834290
2,917146	1,403213	-269,722992	327,350098
2,919191	1,404060	-270,575134	327,845581
2,921284	1,405556	-271,990356	325,965973
2,923093	1,406848	-272,670441	326,785126
2,924656	1,407965	-274,208496	326,135529
2,926007	1,408931	-274,451691	326,931671
2,922148	1,407714	-273,575836	328,162750
2,918812	1,406663	-271,189819	328,819427
2,915929	1,405755	-269,670746	330,472992
2,913437	1,404970	-271,887512	330,951813
2,909226	1,402500	-272,174286	330,415344
2,905586	1,400365	-270,793060	329,408661
2,902441	1,398521	-268,784821	331,389496
2,899722	1,396926	-267,456482	330,657837
2,898289	1,396809	-265,358185	330,432770
2,897051	1,396708	-266,395599	331,460052
2,895981	1,396620	-266,613403	329,904297
2,895056	1,396544	-268,023438	327,337952
2,895184	1,396479	-267,884491	328,649628
2,895295	1,397578	-270,615265	326,660858
2,895391	1,398528	-269,445709	325,485107
2,895474	1,399349	-266,670105	326,641052
2,896866	1,400059	-269,022736	327,504303
2,900190	1,401717	-268,883881	328,929138
2,903063	1,403150	-268,220856	328,667236
2,905546	1,404389	-268,869659	329,662689
2,907691	1,405460	-269,701874	328,350922
2,910183	1,404563	-269,878113	327,896027
2,912337	1,403789	-270,301910	331,032501
2,914198	1,403119	-269,174896	334,421967
2,915807	1,402540	-268,472382	333,414398
2,917618	1,397205	-269,358551	331,729065
2,919183	1,392595	-271,753479	331,901611
2,920535	1,388610	-270,565155	334,358551
2,921704	1,385166	-271,710236	333,223846
2,923263	1,383460	-270,663544	330,206848
2,924610	1,381985	-272,474030	330,450287
2,925774	1,380711	-271,866669	331,746704
2,926780	1,379609	-272,699310	333,274384
2,927981	1,379883	-269,074738	332,015350
2,929018	1,380120	-266,621002	332,692047
2,929915	1,380324	-268,980286	332,733856
2,930690	1,380501	-271,019287	330,869415
2,931784	1,381777	-271,423920	329,258087
2,932730	1,382879	-268,787018	329,766083
2,933547	1,383833	-266,236572	330,340851
2,934254	1,384656	-266,340210	331,244873
2,932235	1,383601	-268,873383	328,903778
2,930491	1,382690	-267,397278	329,731384
2,928984	1,381902	-267,886353	328,953308
2,927681	1,381221	-269,802368	326,787567
2,924643	1,379271	-270,100708	329,124237
2,922017	1,377585	-267,507690	329,514648
2,919748	1,376129	-267,438782	329,987793
2,917787	1,374870	-266,971954	326,867096
2,914067	1,377952	-265,889709	327,699677
2,910851	1,380616	-268,212524	329,369507
2,908072	1,382919	-269,133972	327,826050
2,905671	1,384909	-269,930328	329,750244
2,904380	1,386628	-269,804047	331,684723
2,903264	1,389007	-270,509430	331,591766
2,902300	1,391063	-273,291138	333,412018
2,901466	1,392840	-272,301331	336,885712
2,900742	1,394376	-273,210724	336,629730
2,895558	1,393867	-270,467010	336,679993
2,891078	1,393428	-271,761169	333,601074
2,887207	1,393048	-271,793579	332,297668
2,883861	1,392720	-272,636139	332,121490
2,882315	1,390575	-271,463745	330,340179
2,880980	1,388721	-271,265045	330,294006
2,879825	1,387118	-272,858124	325,502655
2,878828	1,385734	-272,198608	325,977448
2,876323	1,383083	-270,271088	327,202301
2,874159	1,380792	-269,283997	325,817291
2,872288	1,378812	-269,652710	330,865021
2,870672	1,377101	-269,699860	334,005707
2,876275	1,379834	-272,319946	333,597656
2,881117	1,382197	-272,005005	333,245026
2,885302	1,384239	-271,868561	333,211761
2,888919	1,386003	-272,293671	331,010925
2,895622	1,388682	-273,475586	333,181519
2,901415	1,390997	-274,904327	334,378662
2,906421	1,392998	-273,152496	333,919983
2,910748	1,394727	-273,403290	333,795105
2,912062	1,394275	-273,755798	331,243561
2,913197	1,393884	-272,838654	328,359650
2,914177	1,393547	-271,638763	325,867218
2,915025	1,393255	-267,886658	326,835541
2,916208	1,393973	-269,531097	328,486938
2,917229	1,394594	-271,631073	328,149323
2,918113	1,395131	-272,224182	326,907257
2,918876	1,395594	-275,316132	329,227692
2,923078	1,400059	-277,173798	329,061035
2,926710	1,403917	-277,421722	329,460022
2,929849	1,407252	-274,377869	331,976929
2,932561	1,410133	-272,969025	333,473358
2,932471	1,412169	-270,529633	333,273346
2,932393	1,414989	-271,679535	333,507751
2,932325	1,417427	-270,365479	331,538239
2,932267	1,419533	-269,094055	331,465179
2,929863	1,421353	-267,995239	332,895325
2,927785	1,420671	-268,131653	332,909546
2,925989	1,420081	-266,348969	329,799469
2,924437	1,419572	-269,016693	331,455750
2,923096	1,419131	-266,570831	329,221802
2,922724	1,419359	-268,122406	329,598969
2,922402	1,419555	-270,820892	333,590302
2,922124	1,419725	-271,523987	330,523560
2,921884	1,419872	-273,353424	327,194366
2,919647	1,418090	-274,527252	326,489197
2,917714	1,416550	-273,641144	329,273651
2,916044	1,415219	-272,875336	331,001312
2,914600	1,414069	-273,299530	329,100555
2,914235	1,411481	-270,136505	331,123230
2,913920	1,409245	-272,561554	333,142822
2,913648	1,407312	-271,670776	332,444672
2,913413	1,405642	-271,308197	329,261932
2,911242	1,405482	-271,266357	329,497894
2,909366	1,405344	-270,822937	330,516357
2,907744	1,405225	-271,797272	329,360229
2,906343	1,405122	-271,417542	327,410767
2,906097	1,406155	-268,645752	327,083496
2,905885	1,407047	-269,101105	325,035828
2,905702	1,407818	-266,779541	327,881836
2,905543	1,408485	-264,908905	328,169373
2,903715	1,410156	-261,663147	329,639679
2,902134	1,411600	-263,066437	328,195282
2,900769	1,412848	-265,229492	329,119049
2,899589	1,413927	-267,370422	327,745331
2,899460	1,418464	-269,627960	328,051422
2,899349	1,422386	-269,678467	330,759552
2,899254	1,425775	-269,857880	330,656433
2,899171	1,428704	-270,284424	329,209778
2,893887	1,431796	-268,616760	327,823761
2,889320	1,434468	-270,976624	329,476746
2,885374	1,436777	-269,757996	326,018158
2,881963	1,438773	-271,284149	326,015686
2,880377	1,440502	-270,974060	328,592896
2,879007	1,442422	-270,977570	327,290619
2,877823	1,444082	-274,374481	327,115417
2,876799	1,445516	-271,065521	325,742188
2,876219	1,446756	-272,821442	325,369934
2,873595	1,448106	-270,537842	324,505188
2,871328	1,449272	-270,464813	321,585754
2,869369	1,450280	-271,216248	321,641998
2,867676	1,451152	-274,445007	323,862671
2,867556	1,449595	-273,027039	325,103119
2,867453	1,448249	-271,122803	325,767883
2,867363	1,447086	-273,685486	326,342407
2,867286	1,446081	-276,307526	328,739502
2,865799	1,445730	-274,908234	331,218445
2,864514	1,445427	-275,463715	328,880951
2,863403	1,445165	-278,794647	328,897125
2,862443	1,444938	-277,736481	328,368073
2,862775	1,442577	-276,278961	329,947174
2,863061	1,440536	-275,019287	329,682831
2,863308	1,438773	-276,917236	329,182861
2,863522	1,437248	-274,892151	328,615021
2,861951	1,436521	-272,598969	331,246643
2,860594	1,435893	-269,395294	332,163452
2,859421	1,435350	-267,984070	331,055206
2,858407	1,434880	-268,936523	329,825928
2,858547	1,435178	-269,623901	334,057983
2,858669	1,435435	-267,774384	332,964081
2,858774	1,435657	-268,348022	333,240479
2,858865	1,435849	-269,115295	330,085449
2,860006	1,434009	-268,420868	328,852051
2,860993	1,432418	-269,857025	329,550903
2,861845	1,431044	-267,840118	331,648193
2,862582	1,429856	-266,640015	329,388123
2,864506	1,426809	-269,403992	329,063934
2,866168	1,424176	-269,892181	328,919495
2,867605	1,421901	-268,956543	328,523163
2,868846	1,419934	-270,455750	328,723663
2,871045	1,416087	-269,715118	327,267883
2,872946	1,412762	-267,717468	330,082367
2,874588	1,409888	-267,348572	328,170624
2,876008	1,407405	-268,251526	324,210571
2,878255	1,405258	-265,638031	323,231689
2,880197	1,404468	-267,587738	323,878998
2,881875	1,403784	-269,680023	327,017792
2,883325	1,403194	-270,402252	327,286896
2,884574	1,402683	-270,347656	328,877014
2,886548	1,403171	-270,843475	330,251251
2,888254	1,403592	-270,593201	330,352905
2,889728	1,403957	-274,313812	331,119537
2,891003	1,404271	-275,357239	328,931213
2,890122	1,402590	-276,259033	327,039978
2,889362	1,401136	-277,581421	326,355774
2,888704	1,399880	-279,131561	326,850494
2,888136	1,398794	-278,977936	328,092590
2,888627	1,398857	-280,338470	327,265503
2,889051	1,398911	-280,564026	325,057373
2,889417	1,398958	-282,116516	327,764679
2,889734	1,398999	-280,607391	330,240204
2,890812	1,402831	-277,809845	328,985809
2,891743	1,406143	-278,107178	326,951416
2,892549	1,409006	-275,649048	325,871979
2,893245	1,411480	-276,782745	326,975403
2,894809	1,414307	-276,133453	326,707245
2,896160	1,416750	-274,214752	325,932465
2,897328	1,418861	-278,665527	325,127106
2,898338	1,420686	-280,747253	327,281921
2,897160	1,423063	-280,510040	327,786682
2,896143	1,425117	-278,675995	328,494415
2,895263	1,426893	-278,176971	327,341248
2,894503	1,428427	-276,659637	327,973694
2,892061	1,427547	-275,212524	327,977264
2,889951	1,426786	-275,047913	326,215546
2,888127	1,426129	-271,376007	324,149963
2,886550	1,425561	-271,324951	324,401123
2,886308	1,422937	-270,194794	323,124878
2,886099	1,420669	-265,959930	326,230286
2,885918	1,418709	-265,693848	328,371094
2,885762	1,417015	-267,500214	326,963165
2,886793	1,413879	-266,074768	328,189972
2,887684	1,411169	-268,643951	328,571442
2,888455	1,408827	-270,457092	329,172638
2,889120	1,406802	-273,517395	328,334656
2,890289	1,405053	-275,347717	328,832245
2,891300	1,401639	-277,608337	329,398041
2,892173	1,398689	-278,068787	332,602142
2,892928	1,396140	-277,109161	329,398041
2,893580	1,393936	-276,008301	327,036163
2,892268	1,393171	-276,821716	328,660309
2,891134	1,392510	-275,216858	329,928223
2,890153	1,391939	-273,558350	329,666443
2,889306	1,391446	-270,767456	326,046326
2,889467	1,392270	-271,206299	324,003723
