Ax	Ay	Gx	Gy
0,108266	0,003327	0,028916	0,012845
0,108266	0,003327	0,028681	0,012737
0,108266	0,003327	0,028243	0,012589
0,108413	0,003399	0,027467	0,012280
0,108541	0,003461	0,027175	0,012303
0,108651	0,003514	0,026490	0,011653
0,108746	0,003561	0,025915	0,011002
0,108998	0,003606	0,025455	0,011252
0,109215	0,003645	0,025003	0,010510
0,109403	0,003679	0,024323	0,009471
0,109565	0,003708	0,023518	0,008519
0,109817	0,003681	0,023130	0,008094
0,110035	0,003657	0,023265	0,007058
0,110223	0,003636	0,023598	0,006416
0,110386	0,003619	0,024212	0,004577
0,110519	0,003538	0,025085	0,003295
0,110634	0,003467	0,026021	0,001970
0,110734	0,003407	0,026468	0,000988
0,110820	0,003355	0,027018	-0,000403
0,110955	0,003234	0,027655	-0,001406
0,111072	0,003129	0,028097	-0,002021
0,111173	0,003039	0,028516	-0,002768
0,111260	0,002961	0,028588	-0,003143
0,111405	0,002908	0,028127	-0,003576
0,111530	0,002862	0,028216	-0,003534
0,111638	0,002823	0,027552	-0,003968
0,111731	0,002788	0,027104	-0,004777
0,111863	0,002675	0,026645	-0,005403
0,111976	0,002577	0,025851	-0,006035
0,112075	0,002492	0,024459	-0,006599
0,112159	0,002419	0,023582	-0,007322
0,112263	0,002235	0,022697	-0,008941
0,112353	0,002077	0,021715	-0,009780
0,112431	0,001940	0,020704	-0,010595
0,112498	0,001821	0,019578	-0,011372
0,112556	0,001644	0,018821	-0,012911
0,112667	0,001491	0,017950	-0,013210
0,112763	0,001358	0,017251	-0,013542
0,112846	0,001244	0,016738	-0,013919
0,112918	0,001145	0,016547	-0,014335
0,112974	0,001131	0,016473	-0,014784
0,113023	0,001119	0,016173	-0,015282
0,113066	0,001108	0,015589	-0,014880
0,113102	0,001099	0,015229	-0,014659
0,113136	0,001071	0,015099	-0,014776
0,113165	0,001047	0,014371	-0,014967
0,113190	0,001026	0,014032	-0,015006
0,113212	0,001008	0,013305	-0,015039
0,113232	0,001036	0,012640	-0,015393
0,113249	0,001061	0,012030	-0,015483
0,113264	0,001082	0,011701	-0,016247
0,113277	0,001101	0,011272	-0,016726
0,113319	0,001055	0,011281	-0,017068
0,113354	0,001015	0,011470	-0,017165
0,113386	0,000981	0,011470	-0,017647
0,113412	0,000952	0,011253	-0,018153
0,113481	0,000912	0,011066	-0,018790
0,113540	0,000878	0,010977	-0,018472
0,113591	0,000848	0,010773	-0,017963
0,113636	0,000822	0,010325	-0,017956
0,113757	0,000823	0,010155	-0,017679
0,113862	0,000824	0,009810	-0,017892
0,113953	0,000824	0,009096	-0,017823
0,114032	0,000825	0,008333	-0,017854
0,114120	0,000739	0,007512	-0,017609
0,114196	0,000665	0,006604	-0,017687
0,114261	0,000601	0,006523	-0,017862
0,114318	0,000546	0,005460	-0,018050
0,114377	0,000426	0,005119	-0,018285
0,114428	0,000323	0,005385	-0,017837
0,114472	0,000233	0,005596	-0,017757
0,114510	0,000156	0,005707	-0,017923
0,114543	-0,000039	0,006399	-0,018175
0,114583	-0,000208	0,006708	-0,018556
0,114618	-0,000354	0,008060	-0,018830
0,114648	-0,000480	0,009011	-0,019158
0,114673	-0,000588	0,009490	-0,019459
0,114763	-0,000755	0,010753	-0,020081
0,114840	-0,000899	0,011972	-0,019642
0,114907	-0,001024	0,012283	-0,019733
0,114964	-0,001132	0,012697	-0,019613
0,115043	-0,001261	0,013182	-0,019618
0,115112	-0,001373	0,013167	-0,019875
0,115170	-0,001469	0,013045	-0,019554
0,115221	-0,001552	0,012922	-0,018464
0,115291	-0,001657	0,012273	-0,017938
0,115351	-0,001748	0,012020	-0,016832
0,115403	-0,001826	0,011674	-0,016292
0,115448	-0,001894	0,011285	-0,015590
0,115498	-0,001977	0,010786	-0,015183
0,115540	-0,002049	0,010482	-0,014433
0,115577	-0,002111	0,010453	-0,014002
0,115609	-0,002165	0,010049	-0,012996
0,115691	-0,002220	0,010134	-0,012652
0,115761	-0,002268	0,010044	-0,011649
0,115822	-0,002309	0,010166	-0,011777
0,115875	-0,002344	0,010343	-0,011019
0,115976	-0,002371	0,010641	-0,009931
0,116063	-0,002394	0,011025	-0,009008
0,116138	-0,002414	0,011628	-0,008500
0,116203	-0,002432	0,012059	-0,008621
0,116361	-0,002436	0,012594	-0,007966
0,116497	-0,002440	0,013327	-0,007166
0,116614	-0,002444	0,013835	-0,006420
0,116716	-0,002447	0,014092	-0,005413
0,116857	-0,002325	0,014839	-0,004525
0,116980	-0,002219	0,015123	-0,003776
0,117085	-0,002128	0,015043	-0,002912
0,117177	-0,002050	0,015462	-0,002074
0,117327	-0,001952	0,015029	-0,000790
0,117457	-0,001867	0,014763	-0,000240
0,117569	-0,001794	0,014009	0,001066
0,117667	-0,001731	0,013574	0,001436
0,117751	-0,001627	0,012710	0,002732
0,117922	-0,001537	0,012036	0,004050
0,118070	-0,001459	0,011598	0,005208
0,118198	-0,001392	0,010966	0,006390
0,118308	-0,001334	0,010529	0,007248
0,118468	-0,001126	0,010169	0,008297
0,118606	-0,000946	0,010255	0,009077
0,118725	-0,000791	0,010402	0,009860
0,118829	-0,000657	0,010403	0,010790
0,118987	-0,000371	0,010349	0,011304
0,119124	-0,000124	0,010068	0,012453
0,119243	0,000090	0,009969	0,013302
0,119345	0,000275	0,009902	0,014071
0,119392	0,000496	0,009573	0,014628
0,119432	0,000687	0,008692	0,015615
0,119467	0,000853	0,008003	0,016703
0,119497	0,000996	0,007136	0,017355
0,119516	0,001136	0,006839	0,018026
0,119533	0,001258	0,006419	0,018751
0,119547	0,001363	0,005605	0,019793
0,119560	0,001454	0,004738	0,020459
0,119566	0,001647	0,004351	0,021830
0,119572	0,001813	0,003871	0,021803
0,119577	0,001957	0,003113	0,022214
0,119582	0,002081	0,002458	0,022443
0,119482	0,002252	0,002145	0,022477
0,119397	0,002399	0,001531	0,022562
0,119323	0,002526	0,000567	0,022960
0,119259	0,002636	0,000240	0,022907
0,119194	0,002732	-0,000477	0,022571
0,119139	0,002814	-0,000880	0,022462
0,119090	0,002885	-0,001408	0,022187
0,119049	0,002947	-0,001847	0,022419
0,118965	0,002938	-0,001829	0,022222
0,118892	0,002930	-0,001993	0,022070
0,118830	0,002923	-0,002931	0,022101
0,118776	0,002918	-0,003453	0,021875
0,118729	0,002888	-0,004048	0,021806
0,118689	0,002863	-0,004725	0,021928
0,118655	0,002841	-0,005274	0,021960
0,118625	0,002822	-0,005568	0,021681
0,118599	0,002728	-0,006364	0,021638
0,118622	0,002647	-0,006726	0,021258
0,118642	0,002577	-0,007166	0,020948
0,118659	0,002517	-0,007438	0,020860
0,118674	0,002465	-0,007872	0,020206
0,118620	0,002437	-0,007994	0,019767
0,118572	0,002414	-0,008316	0,019315
0,118531	0,002394	-0,009118	0,019052
0,118496	0,002376	-0,009107	0,018824
0,118401	0,002323	-0,009893	0,018012
0,118318	0,002277	-0,010662	0,017437
0,118247	0,002237	-0,011074	0,016651
0,118185	0,002202	-0,011502	0,015954
0,118111	0,002169	-0,012143	0,015315
0,118047	0,002139	-0,012734	0,014763
0,117992	0,002114	-0,012774	0,014304
0,117945	0,002093	-0,013225	0,013907
0,117886	0,002019	-0,013542	0,013202
0,117835	0,001955	-0,013617	0,012449
0,117791	0,001899	-0,013935	0,011653
0,117753	0,001852	-0,014372	0,011074
0,117703	0,001745	-0,014841	0,010302
0,117660	0,001653	-0,015607	0,009328
0,117623	0,001574	-0,015926	0,008540
0,117591	0,001505	-0,015895	0,008021
0,117498	0,001433	-0,016898	0,007646
0,117417	0,001371	-0,017150	0,007231
0,117348	0,001317	-0,017169	0,006420
0,117288	0,001271	-0,017023	0,005756
0,117116	0,001164	-0,017204	0,004802
0,116968	0,001072	-0,017433	0,003870
0,116839	0,000992	-0,017558	0,002792
0,116729	0,000923	-0,017522	0,002006
0,116596	0,000799	-0,017201	0,001633
0,116481	0,000692	-0,016454	0,000805
0,116382	0,000599	-0,016098	0,000036
0,116296	0,000519	-0,015193	-0,000467
0,116210	0,000438	-0,014393	-0,000938
0,116137	0,000368	-0,013666	-0,001959
0,116073	0,000308	-0,013128	-0,002715
0,116018	0,000256	-0,012590	-0,002989
0,115970	0,000206	-0,012451	-0,003262
0,115986	0,000200	-0,012656	-0,004058
0,115999	0,000195	-0,013050	-0,004565
0,116011	0,000190	-0,013283	-0,004479
0,116021	0,000187	-0,013140	-0,004351
0,116028	0,000223	-0,013161	-0,004601
0,116033	0,000254	-0,012655	-0,004258
0,116038	0,000281	-0,012146	-0,004159
0,116042	0,000304	-0,011452	-0,004707
0,116140	0,000365	-0,010473	-0,004801
0,116224	0,000418	-0,008760	-0,005732
0,116297	0,000464	-0,007043	-0,005831
0,116360	0,000504	-0,005633	-0,006043
0,116480	0,000534	-0,004233	-0,006715
0,116583	0,000560	-0,002986	-0,006861
0,116672	0,000583	-0,002361	-0,007097
0,116749	0,000602	-0,000881	-0,007589
0,116874	0,000657	-0,000126	-0,008376
0,116982	0,000705	0,001159	-0,007990
0,117075	0,000746	0,001565	-0,008253
0,117155	0,000782	0,001174	-0,007757
0,117240	0,000746	0,001542	-0,007165
0,117313	0,000715	0,001932	-0,006708
0,117376	0,000689	0,002902	-0,006549
0,117431	0,000666	0,003432	-0,006049
0,117548	0,000692	0,004289	-0,006449
0,117648	0,000715	0,005137	-0,006902
0,117735	0,000735	0,006052	-0,006554
0,117810	0,000752	0,007185	-0,007120
0,117948	0,000823	0,008183	-0,007555
0,118067	0,000885	0,009334	-0,007804
0,118170	0,000938	0,010076	-0,007749
0,118259	0,000984	0,010537	-0,007683
0,118365	0,001069	0,010989	-0,007391
0,118456	0,001143	0,011380	-0,007409
0,118535	0,001206	0,011899	-0,007136
0,118603	0,001261	0,012347	-0,006846
0,118661	0,001252	0,012987	-0,006342
0,118750	0,001243	0,013939	-0,006160
0,118828	0,001236	0,015104	-0,006201
0,118894	0,001230	0,016853	-0,006128
0,118952	0,001238	0,018653	-0,005758
0,119084	0,001134	0,020064	-0,005275
0,119197	0,001044	0,021610	-0,005111
0,119295	0,000966	0,023632	-0,004861
0,119380	0,000899	0,025868	-0,005331
0,119654	0,000791	0,027800	-0,005214
0,119891	0,000699	0,029759	-0,005004
0,120095	0,000619	0,031742	-0,004804
0,120272	0,000550	0,033672	-0,005102
0,120650	0,000433	0,035865	-0,004654
0,120977	0,000332	0,037416	-0,004122
0,121259	0,000245	0,039245	-0,004042
0,121503	0,000170	0,040735	-0,003358
0,121873	0,000053	0,041788	-0,003382
0,122192	-0,000048	0,043096	-0,003077
0,122469	-0,000135	0,044063	-0,002597
0,122707	-0,000211	0,046345	-0,001784
0,123037	-0,000274	0,047776	-0,001515
0,123322	-0,000328	0,049590	-0,000813
0,123569	-0,000374	0,050634	-0,000188
0,123782	-0,000415	0,052548	-0,000046
0,124202	-0,000441	0,054420	0,000059
0,124565	-0,000463	0,055441	0,000493
0,124878	-0,000483	0,056721	0,000760
0,125149	-0,000499	0,058008	0,000629
0,125560	-0,000509	0,058686	0,000860
0,125915	-0,000518	0,059363	0,000607
0,126221	-0,000525	0,059749	0,000515
0,126486	-0,000531	0,059703	0,000580
0,126885	-0,000541	0,059718	0,001016
0,127229	-0,000549	0,060128	0,000958
0,127526	-0,000556	0,060428	0,001108
0,127783	-0,000563	0,060344	0,001418
0,128208	-0,000525	0,060254	0,001794
0,128575	-0,000492	0,060356	0,001957
0,128892	-0,000464	0,059884	0,002404
0,129166	-0,000440	0,059603	0,002773
0,129403	-0,000372	0,059812	0,003201
0,129719	-0,000313	0,059305	0,004076
0,129992	-0,000262	0,059012	0,004779
0,130228	-0,000218	0,058343	0,006091
0,130432	-0,000180	0,057584	0,006736
0,130614	-0,000130	0,056693	0,007240
0,130771	-0,000087	0,055435	0,007748
0,130908	-0,000050	0,054384	0,008259
0,131025	-0,000018	0,053277	0,008629
0,131121	0,000043	0,051958	0,009599
0,131204	0,000096	0,050746	0,010076
0,131276	0,000142	0,049898	0,010633
0,131338	0,000182	0,048966	0,011204
0,131385	0,000309	0,048124	0,011879
0,131426	0,000419	0,046764	0,011992
0,131461	0,000514	0,045407	0,012198
0,131492	0,000596	0,044362	0,012431
0,131586	0,000756	0,044054	0,012469
0,131668	0,000895	0,043879	0,012430
0,131738	0,001014	0,043457	0,012052
0,131799	0,001118	0,042477	0,012377
0,131950	0,001233	0,042028	0,012386
0,132080	0,001332	0,041351	0,012991
0,132193	0,001417	0,040946	0,013387
0,132290	0,001491	0,040597	0,013404
0,132473	0,001573	0,040222	0,013093
0,132630	0,001644	0,039682	0,012897
0,132766	0,001706	0,038997	0,013522
0,132884	0,001759	0,038388	0,014316
0,133031	0,001875	0,037193	0,014388
0,133158	0,001976	0,036250	0,015173
0,133268	0,002063	0,034603	0,015218
0,133362	0,002138	0,033777	0,015493
0,133461	0,002178	0,032936	0,015079
0,133547	0,002212	0,031740	0,015047
0,133621	0,002241	0,031085	0,015146
0,133685	0,002267	0,030574	0,014852
0,133782	0,002310	0,029337	0,014489
0,133866	0,002347	0,028574	0,014013
0,133939	0,002380	0,027970	0,013764
0,134002	0,002408	0,027592	0,013223
0,134057	0,002438	0,027103	0,012883
0,134199	0,002465	0,027078	0,012155
0,134322	0,002488	0,027689	0,011869
0,134428	0,002507	0,028597	0,011188
0,134520	0,002524	0,029164	0,011268
0,134638	0,002532	0,029095	0,011121
0,134739	0,002538	0,029631	0,010758
0,134827	0,002543	0,029841	0,010987
0,134903	0,002548	0,030059	0,010770
0,135062	0,002495	0,030193	0,010509
0,135199	0,002449	0,030273	0,010302
0,135318	0,002410	0,030685	0,010358
0,135420	0,002375	0,030590	0,010244
0,135599	0,002287	0,030959	0,010507
0,135753	0,002211	0,031043	0,010173
0,135887	0,002145	0,031658	0,009958
0,136002	0,002088	0,032353	0,009572
0,136232	0,001945	0,032971	0,009384
0,136430	0,001821	0,034228	0,009058
0,136602	0,001715	0,035297	0,009139
0,136750	0,001622	0,036564	0,009045
0,137051	0,001552	0,038508	0,008477
0,137310	0,001491	0,039791	0,008292
0,137535	0,001438	0,041569	0,008151
0,137729	0,001393	0,044190	0,007776
0,138107	0,001357	0,046509	0,007705
0,138433	0,001326	0,048477	0,007879
0,138716	0,001299	0,051046	0,007559
0,138959	0,001276	0,053628	0,007662
0,139464	0,001311	0,056401	0,007570
0,139901	0,001341	0,058780	0,006985
0,140278	0,001367	0,061180	0,006515
0,140603	0,001390	0,063958	0,006073
0,141243	0,001358	0,066504	0,006016
0,141796	0,001331	0,069048	0,005732
0,142274	0,001308	0,071590	0,006209
0,142687	0,001288	0,074077	0,006044
0,143045	0,001275	0,076533	0,005358
0,143705	0,001264	0,079161	0,005272
0,144276	0,001254	0,081632	0,005866
0,144769	0,001246	0,084310	0,006036
0,145195	0,001241	0,087455	0,006491
0,145979	0,001255	0,090951	0,007155
0,146657	0,001267	0,094967	0,007710
0,147242	0,001278	0,099106	0,008010
0,147748	0,001287	0,103425	0,008431
0,148651	0,001426	0,107230	0,008470
0,149431	0,001546	0,111693	0,008919
0,150105	0,001650	0,115496	0,009416
0,150688	0,001740	0,119180	0,009430
0,151631	0,001910	0,122148	0,010526
0,152446	0,002057	0,124568	0,011203
0,153150	0,002184	0,126605	0,011082
0,153758	0,002294	0,128600	0,010635
0,154754	0,002471	0,129909	0,009904
0,155615	0,002624	0,131203	0,010285
0,156359	0,002757	0,132105	0,010344
0,157002	0,002871	0,133100	0,010177
0,158022	0,002984	0,133961	0,009871
0,158903	0,003081	0,135410	0,009859
0,159665	0,003166	0,138036	0,009866
0,160323	0,003238	0,140161	0,010198
0,161372	0,003302	0,143534	0,009672
0,162278	0,003358	0,147028	0,010175
0,163061	0,003405	0,151439	0,010375
0,163737	0,003447	0,155776	0,010674
0,164902	0,003488	0,160409	0,010788
0,165909	0,003523	0,165987	0,010850
0,166778	0,003554	0,171820	0,011067
0,167530	0,003581	0,177132	0,010640
0,168900	0,003605	0,182138	0,010903
0,170084	0,003626	0,187514	0,010697
0,171107	0,003644	0,192937	0,010771
0,171992	0,003660	0,198473	0,010691
0,173581	0,003662	0,204180	0,010279
0,174954	0,003664	0,209257	0,009922
0,176141	0,003666	0,214241	0,009722
0,177167	0,003667	0,218946	0,009062
0,178053	0,003634	0,223066	0,008364
0,179649	0,003605	0,227839	0,007816
0,181028	0,003580	0,232560	0,007323
0,182220	0,003558	0,236116	0,007061
0,183250	0,003539	0,239894	0,006834
0,185081	0,003459	0,242870	0,006402
0,186664	0,003390	0,245713	0,005777
0,188032	0,003330	0,248026	0,005308
0,189214	0,003278	0,249808	0,004596
0,191007	0,003070	0,250787	0,004631
0,192557	0,002890	0,251760	0,005041
0,193896	0,002734	0,252836	0,004980
0,195053	0,002600	0,253640	0,005180
0,196830	0,002377	0,253538	0,005642
0,198365	0,002184	0,253758	0,005752
0,199692	0,002017	0,252900	0,005902
0,200839	0,001873	0,252610	0,006411
0,202448	0,001672	0,251347	0,006850
0,203838	0,001497	0,249804	0,007248
0,205039	0,001346	0,247747	0,007827
0,206077	0,001216	0,245607	0,008111
0,207402	0,001105	0,242385	0,008555
0,208547	0,001008	0,238641	0,008993
0,209537	0,000925	0,233906	0,009299
0,210392	0,000853	0,228674	0,010232
0,211319	0,000813	0,222327	0,009701
0,212121	0,000778	0,215793	0,008808
0,212814	0,000748	0,208230	0,008145
0,213413	0,000721	0,200608	0,007699
0,213963	0,000773	0,192449	0,006788
0,214439	0,000818	0,183662	0,005713
0,214851	0,000857	0,174495	0,004186
0,215206	0,000890	0,164386	0,002505
0,215410	0,000962	0,154383	0,001143
0,215586	0,001025	0,144039	0,000056
0,215738	0,001079	0,133002	-0,000648
0,215869	0,001126	0,121782	-0,001564
0,215899	0,001188	0,110260	-0,001506
0,215629	0,001241	0,098042	-0,001474
0,215395	0,001287	0,084898	-0,001229
0,215194	0,001327	0,071567	-0,001289
0,215019	0,001340	0,057769	-0,000889
0,214245	0,001351	0,043150	-0,000579
0,213576	0,001361	0,028220	-0,000817
0,212998	0,001369	0,012678	-0,000861
0,212498	0,001377	-0,003250	-0,001404
0,211199	0,001336	-0,019166	-0,001639
0,210077	0,001301	-0,036121	-0,002041
0,209106	0,001270	-0,053576	-0,003093
0,208268	0,001244	-0,071519	-0,004509
0,206592	0,001225	-0,089556	-0,005515
0,205143	0,001208	-0,108000	-0,006240
0,203891	0,001194	-0,126942	-0,007102
0,202809	0,001182	-0,145698	-0,008082
0,200703	0,001155	-0,164476	-0,008676
0,198882	0,001132	-0,183614	-0,009568
0,197309	0,001112	-0,202161	-0,010069
0,195950	0,001095	-0,221046	-0,010899
0,193257	0,001099	-0,239519	-0,010586
0,190930	0,001103	-0,257961	-0,010804
0,188919	0,001107	-0,275490	-0,011263
0,187180	0,001110	-0,293278	-0,011642
0,184106	0,001073	-0,310152	-0,012150
0,181449	0,001042	-0,326200	-0,012752
0,179153	0,001015	-0,341931	-0,012856
0,177169	0,000991	-0,357153	-0,014266
0,173836	0,000854	-0,371466	-0,015051
0,170955	0,000736	-0,385373	-0,016090
0,168466	0,000633	-0,398910	-0,016935
0,166314	0,000545	-0,411802	-0,018225
0,162870	0,000241	-0,424391	-0,019810
0,159894	-0,000021	-0,436156	-0,021541
0,157321	-0,000248	-0,447933	-0,022820
0,155098	-0,000443	-0,459720	-0,024902
0,151528	-0,000874	-0,470811	-0,026484
0,148442	-0,001247	-0,481282	-0,028412
0,145775	-0,001569	-0,491669	-0,029825
0,143471	-0,001847	-0,501550	-0,031119
0,141479	-0,002362	-0,511572	-0,032888
0,138200	-0,002808	-0,521806	-0,034597
0,135366	-0,003193	-0,532205	-0,036400
0,132917	-0,003526	-0,543615	-0,037705
0,130801	-0,003814	-0,555013	-0,039971
0,127463	-0,004470	-0,566888	-0,041659
0,124578	-0,005037	-0,579284	-0,043190
0,122085	-0,005527	-0,592040	-0,044369
0,119930	-0,005951	-0,604529	-0,045315
0,116586	-0,006680	-0,617057	-0,045789
0,113696	-0,007309	-0,628771	-0,046434
0,111198	-0,007854	-0,639274	-0,047118
0,109040	-0,008324	-0,648423	-0,047998
0,105341	-0,009088	-0,656349	-0,048578
0,102145	-0,009748	-0,662168	-0,049459
0,099382	-0,010319	-0,667052	-0,049642
0,096995	-0,010812	-0,670912	-0,050089
0,093193	-0,011531	-0,672892	-0,050892
0,089908	-0,012152	-0,674242	-0,051603
0,087069	-0,012689	-0,674469	-0,052308
0,084615	-0,013154	-0,674484	-0,053207
0,080888	-0,013793	-0,674370	-0,054237
0,077668	-0,014345	-0,674055	-0,055380
0,074884	-0,014823	-0,673891	-0,056061
0,072479	-0,015236	-0,673677	-0,056956
0,069007	-0,015862	-0,673998	-0,057983
0,066006	-0,016403	-0,674186	-0,058889
0,063412	-0,016871	-0,675143	-0,059943
0,061171	-0,017275	-0,675482	-0,060474
0,057746	-0,017893	-0,676119	-0,061457
0,054785	-0,018427	-0,676597	-0,062578
0,052227	-0,018889	-0,676919	-0,063041
0,050016	-0,019288	-0,676638	-0,063965
0,046655	-0,019872	-0,676268	-0,063426
0,043750	-0,020378	-0,675026	-0,063412
0,041240	-0,020814	-0,673031	-0,063563
0,039071	-0,021192	-0,670313	-0,063133
0,035711	-0,021739	-0,667078	-0,064767
0,032807	-0,022212	-0,660142	-0,063686
0,030297	-0,022621	-0,653497	-0,059750
0,028128	-0,022974	-0,644193	-0,057541
0,026253	-0,023491	-0,635031	-0,053735
0,023229	-0,023938	-0,624672	-0,051439
0,020615	-0,024324	-0,613406	-0,049961
0,018356	-0,024658	-0,601355	-0,047726
0,016404	-0,024947	-0,590633	-0,047041
0,013357	-0,025402	-0,578475	-0,045925
0,010723	-0,025795	-0,566068	-0,046642
0,008447	-0,026135	-0,555165	-0,048563
0,006480	-0,026429	-0,543899	-0,050169
0,003826	-0,026874	-0,532408	-0,052823
0,001532	-0,027259	-0,522152	-0,057086
-0,000451	-0,027591	-0,511625	-0,058421
-0,002164	-0,027879	-0,500575	-0,059810
-0,004463	-0,028202	-0,491079	-0,061896
-0,006450	-0,028481	-0,479907	-0,061511
-0,008167	-0,028722	-0,472187	-0,063474
-0,009651	-0,028931	-0,463200	-0,063526
-0,011475	-0,029161	-0,454150	-0,064222
-0,013051	-0,029360	-0,445479	-0,064805
-0,014414	-0,029532	-0,434768	-0,065688
-0,015591	-0,029681	-0,424769	-0,067229
-0,017040	-0,029955	-0,412747	-0,069157
-0,018292	-0,030193	-0,401761	-0,070571
-0,019374	-0,030398	-0,387584	-0,073654
-0,020309	-0,030576	-0,378025	-0,075126
-0,021270	-0,030910	-0,362479	-0,076254
-0,022100	-0,031199	-0,349097	-0,079090
-0,022817	-0,031448	-0,333682	-0,080475
-0,023437	-0,031664	-0,317846	-0,082394
-0,023930	-0,032153	-0,302371	-0,085283
-0,024357	-0,032575	-0,287387	-0,086206
-0,024725	-0,032940	-0,270804	-0,088596
-0,025044	-0,033256	-0,254755	-0,090100
-0,025122	-0,033683	-0,239150	-0,090550
-0,025188	-0,034052	-0,221360	-0,089566
-0,025246	-0,034370	-0,202659	-0,089112
-0,025296	-0,034646	-0,185882	-0,088685
-0,025342	-0,034973	-0,168455	-0,087212
-0,025123	-0,035256	-0,152471	-0,086626
-0,024933	-0,035501	-0,135295	-0,085180
-0,024770	-0,035712	-0,118859	-0,084129
-0,024628	-0,035992	-0,101473	-0,083040
-0,023949	-0,036233	-0,083501	-0,082135
-0,023363	-0,036442	-0,065763	-0,081226
-0,022856	-0,036623	-0,047216	-0,080170
-0,022418	-0,036779	-0,028185	-0,079166
-0,021402	-0,036975	-0,008303	-0,077341
-0,020523	-0,037145	0,011772	-0,076541
-0,019764	-0,037292	0,032321	-0,075018
-0,019108	-0,037419	0,052666	-0,073159
-0,017740	-0,037576	0,073394	-0,070468
-0,016558	-0,037713	0,094382	-0,068377
-0,015536	-0,037830	0,114726	-0,065522
-0,014654	-0,037932	0,135146	-0,062692
-0,012926	-0,037986	0,155289	-0,058928
-0,011433	-0,038033	0,174035	-0,055240
-0,010142	-0,038074	0,192893	-0,051258
-0,009027	-0,038109	0,211198	-0,047057
-0,006871	-0,037993	0,229766	-0,042504
-0,005008	-0,037893	0,247621	-0,037575
-0,003398	-0,037806	0,265583	-0,032791
-0,002007	-0,037732	0,283456	-0,028078
0,000576	-0,037471	0,301687	-0,023227
0,002808	-0,037245	0,320028	-0,017734
0,004737	-0,037050	0,338338	-0,013492
0,006404	-0,036882	0,356331	-0,009139
0,009332	-0,036464	0,373907	-0,004980
0,011863	-0,036102	0,391428	-0,000571
0,014050	-0,035790	0,408921	0,003799
0,015941	-0,035520	0,425919	0,007739
0,019132	-0,034985	0,442689	0,012246
0,021890	-0,034523	0,459278	0,017281
0,024273	-0,034124	0,475424	0,022373
0,026333	-0,033779	0,491836	0,027479
0,029905	-0,033131	0,509112	0,032561
0,032993	-0,032572	0,526446	0,037567
0,035660	-0,032089	0,543343	0,042436
0,037966	-0,031671	0,559610	0,047928
0,039959	-0,030934	0,575639	0,053542
0,043439	-0,030298	0,591101	0,059532
0,046446	-0,029748	0,605747	0,065324
0,049045	-0,029272	0,619544	0,070673
0,051291	-0,028862	0,631974	0,075730
0,055125	-0,028096	0,644090	0,080480
0,058438	-0,027435	0,655357	0,085797
0,061302	-0,026863	0,666504	0,089921
0,063777	-0,026369	0,677223	0,094372
0,067737	-0,025614	0,687897	0,098236
0,071160	-0,024962	0,697628	0,101720
0,074119	-0,024398	0,707520	0,104424
0,076675	-0,023910	0,717262	0,107213
0,080827	-0,023121	0,726676	0,109967
0,084415	-0,022440	0,735192	0,112853
0,087515	-0,021850	0,743925	0,115148
0,090195	-0,021341	0,751726	0,117024
0,094359	-0,020516	0,758577	0,119277
0,097957	-0,019804	0,764588	0,121207
0,101067	-0,019188	0,770252	0,123724
0,103754	-0,018656	0,774841	0,125520
0,107977	-0,017820	0,778409	0,127090
0,111626	-0,017098	0,780570	0,128230
0,114780	-0,016474	0,781987	0,129016
0,117506	-0,015934	0,782686	0,130220
0,121664	-0,015188	0,782423	0,131405
0,125257	-0,014543	0,782124	0,132448
0,128363	-0,013986	0,781033	0,133023
0,131047	-0,013504	0,779657	0,133466
0,135034	-0,012774	0,777346	0,133198
0,138480	-0,012142	0,774663	0,133491
0,141458	-0,011597	0,770771	0,133075
0,144032	-0,011125	0,766756	0,131179
0,147713	-0,010503	0,763052	0,131420
0,150894	-0,009965	0,758856	0,131412
0,153644	-0,009501	0,752482	0,129055
0,156020	-0,009099	0,746974	0,126439
0,159474	-0,008465	0,741526	0,126565
0,162459	-0,007917	0,735082	0,125245
0,165039	-0,007443	0,728410	0,124159
0,167269	-0,007034	0,722626	0,124106
0,169196	-0,006373	0,716398	0,121891
0,171979	-0,005803	0,709841	0,122996
0,174384	-0,005309	0,703233	0,121311
0,176462	-0,004883	0,696240	0,121265
0,178259	-0,004515	0,687285	0,120195
0,180805	-0,003897	0,674827	0,118385
0,183007	-0,003363	0,663573	0,118555
0,184909	-0,002901	0,650050	0,116515
0,186553	-0,002502	0,639050	0,116090
0,188902	-0,001975	0,625132	0,113698
0,190933	-0,001519	0,611766	0,110365
0,192688	-0,001124	0,596816	0,106852
0,194205	-0,000784	0,582142	0,103725
0,196408	-0,000323	0,567273	0,099776
0,198311	0,000075	0,554965	0,096019
0,199956	0,000419	0,542863	0,092808
0,201378	0,000716	0,531157	0,090359
0,203082	0,001085	0,519033	0,087284
0,204556	0,001403	0,507452	0,085169
0,205829	0,001678	0,494534	0,081967
0,206929	0,001915	0,482139	0,079380
0,208219	0,002095	0,469457	0,077290
0,209334	0,002251	0,456870	0,074886
0,210298	0,002386	0,443894	0,071598
0,211130	0,002502	0,431143	0,069587
0,212050	0,002537	0,417303	0,066078
0,212845	0,002568	0,402721	0,063552
0,213532	0,002595	0,387443	0,060428
0,214126	0,002618	0,370750	0,057313
0,214605	0,002524	0,354028	0,053807
0,215020	0,002443	0,335327	0,049729
0,215377	0,002374	0,318135	0,046367
0,215687	0,002313	0,298685	0,042286
0,215733	0,002140	0,279615	0,037602
0,215773	0,001990	0,260676	0,034079
0,215808	0,001861	0,241072	0,029678
0,215837	0,001749	0,221400	0,024446
0,215899	0,001467	0,202537	0,020485
0,215507	0,001223	0,182474	0,015290
0,215169	0,001012	0,162712	0,010656
0,214876	0,000830	0,143247	0,005747
0,214624	0,000472	0,124309	0,001161
0,213898	0,000163	0,105285	-0,002911
0,213271	-0,000105	0,085572	-0,007099
0,212729	-0,000336	0,067016	-0,010665
0,212261	-0,000535	0,048304	-0,013909
0,211247	-0,000948	0,029782	-0,017074
0,210370	-0,001305	0,010737	-0,020225
0,209613	-0,001614	-0,007891	-0,023527
0,208958	-0,001881	-0,027173	-0,026381
0,207518	-0,002391	-0,046421	-0,030022
0,206274	-0,002832	-0,066510	-0,033006
0,205199	-0,003213	-0,086474	-0,036236
0,204270	-0,003542	-0,106928	-0,040040
0,202519	-0,004100	-0,127208	-0,043110
0,201006	-0,004583	-0,148586	-0,046505
0,199699	-0,005000	-0,170388	-0,049981
0,198569	-0,005360	-0,192195	-0,053510
0,196464	-0,005994	-0,213951	-0,057048
0,194646	-0,006541	-0,235810	-0,060955
0,193074	-0,007014	-0,256906	-0,064422
0,191716	-0,007423	-0,277651	-0,068250
0,189245	-0,008016	-0,298310	-0,072046
0,187110	-0,008528	-0,318135	-0,075291
0,185265	-0,008971	-0,337491	-0,078312
0,183670	-0,009353	-0,356679	-0,081773
0,180726	-0,009981	-0,374690	-0,084818
0,178182	-0,010523	-0,392118	-0,087920
0,175983	-0,010991	-0,409132	-0,091215
0,174083	-0,011396	-0,426222	-0,094208
0,170877	-0,012108	-0,442186	-0,097119
0,168106	-0,012723	-0,457881	-0,099292
0,165711	-0,013255	-0,473813	-0,102237
0,163641	-0,013714	-0,488323	-0,105107
0,160270	-0,014574	-0,502690	-0,107262
0,157356	-0,015316	-0,516733	-0,109161
0,154838	-0,015958	-0,530261	-0,111362
0,152662	-0,016513	-0,544086	-0,113464
0,150781	-0,017421	-0,557770	-0,115750
0,147643	-0,018206	-0,570970	-0,117039
0,144931	-0,018884	-0,584168	-0,119129
0,142587	-0,019471	-0,598159	-0,120284
0,140561	-0,019977	-0,612022	-0,121156
0,137034	-0,020924	-0,625558	-0,121476
0,133987	-0,021742	-0,639010	-0,122259
0,131353	-0,022449	-0,651901	-0,122284
0,129076	-0,023060	-0,664615	-0,122614
0,125389	-0,024046	-0,676742	-0,121814
0,122203	-0,024898	-0,687819	-0,121665
0,119449	-0,025635	-0,698459	-0,121518
0,117069	-0,026271	-0,707781	-0,121373
0,113247	-0,027247	-0,716524	-0,120308
0,109945	-0,028091	-0,723773	-0,119477
0,107091	-0,028820	-0,729948	-0,118850
0,104624	-0,029451	-0,736080	-0,118127
0,100732	-0,030353	-0,741325	-0,117466
0,097369	-0,031133	-0,746111	-0,116714
0,094462	-0,031807	-0,750971	-0,115269
0,091950	-0,032389	-0,755514	-0,113785
0,088007	-0,033222	-0,760652	-0,111996
0,084599	-0,033943	-0,766303	-0,110089
0,081654	-0,034565	-0,771603	-0,108151
0,079109	-0,035103	-0,777178	-0,105916
0,075229	-0,035824	-0,782755	-0,103297
0,071876	-0,036447	-0,788461	-0,099751
0,068978	-0,036985	-0,793916	-0,096288
0,066474	-0,037451	-0,798450	-0,092590
0,062512	-0,038036	-0,802152	-0,088165
0,059087	-0,038541	-0,805044	-0,084268
0,056128	-0,038978	-0,807109	-0,079906
0,053570	-0,039355	-0,808262	-0,075414
0,049665	-0,039820	-0,808715	-0,071892
0,046289	-0,040221	-0,807155	-0,068397
0,043372	-0,040568	-0,803420	-0,066425
0,040851	-0,040868	-0,803229	-0,060364
0,036902	-0,041212	-0,798672	-0,056788
0,033490	-0,041510	-0,790720	-0,053716
0,030540	-0,041768	-0,786342	-0,051224
0,027991	-0,041990	-0,781347	-0,049034
0,025788	-0,042200	-0,774535	-0,045876
0,022288	-0,042381	-0,765792	-0,042948
0,019264	-0,042538	-0,757857	-0,038682
0,016650	-0,042673	-0,748486	-0,035592
0,014392	-0,042790	-0,739085	-0,031890
0,011089	-0,042809	-0,728972	-0,030373
0,008234	-0,042824	-0,721208	-0,027850
0,005767	-0,042838	-0,709383	-0,025832
0,003635	-0,042850	-0,701512	-0,023348
0,000535	-0,042796	-0,689848	-0,020097
-0,002144	-0,042750	-0,680779	-0,018029
-0,004459	-0,042710	-0,669959	-0,014236
-0,006460	-0,042676	-0,661366	-0,012928
-0,009195	-0,042602	-0,651193	-0,009772
-0,011558	-0,042538	-0,639887	-0,007696
-0,013601	-0,042482	-0,629792	-0,005594
-0,015367	-0,042434	-0,619060	-0,004465
-0,017796	-0,042362	-0,609477	-0,003724
-0,019896	-0,042300	-0,598846	-0,003535
-0,021711	-0,042247	-0,587326	-0,001763
-0,023279	-0,042200	-0,572850	-0,001642
-0,025392	-0,042122	-0,559779	-0,002279
-0,027218	-0,042055	-0,545771	-0,002539
-0,028796	-0,041996	-0,530573	-0,002421
-0,030160	-0,041946	-0,514583	-0,004760
-0,031971	-0,041936	-0,500582	-0,006708
-0,033537	-0,041927	-0,482245	-0,008175
-0,034890	-0,041919	-0,465765	-0,011215
-0,036060	-0,041912	-0,447997	-0,013806
-0,037516	-0,041871	-0,430942	-0,013803
-0,038774	-0,041835	-0,410923	-0,014470
-0,039862	-0,041805	-0,391309	-0,015986
-0,040802	-0,041778	-0,372043	-0,018471
-0,041739	-0,041777	-0,352229	-0,019336
-0,042548	-0,041776	-0,334038	-0,020155
-0,043248	-0,041775	-0,313707	-0,019851
-0,043853	-0,041774	-0,296046	-0,022047
-0,044376	-0,041848	-0,276733	-0,020799
-0,044823	-0,041912	-0,256137	-0,021076
-0,045209	-0,041967	-0,236819	-0,021605
-0,045543	-0,042015	-0,219797	-0,022605
-0,045832	-0,042075	-0,200007	-0,023089
-0,045873	-0,042127	-0,182994	-0,024538
-0,045909	-0,042171	-0,165289	-0,025157
-0,045939	-0,042210	-0,149157	-0,025729
-0,045966	-0,042244	-0,131093	-0,025915
-0,045630	-0,042296	-0,113474	-0,027469
-0,045340	-0,042341	-0,096838	-0,027979
-0,045089	-0,042380	-0,077976	-0,027806
-0,044872	-0,042414	-0,061784	-0,027729
-0,044095	-0,042473	-0,044355	-0,027409
-0,043423	-0,042524	-0,026906	-0,026843
-0,042843	-0,042568	-0,008771	-0,026553
-0,042341	-0,042607	0,009217	-0,026574
-0,041236	-0,042656	0,026263	-0,026103
-0,040281	-0,042698	0,043146	-0,024648
-0,039456	-0,042735	0,059797	-0,023282
-0,038743	-0,042766	0,075798	-0,021415
-0,037391	-0,042689	0,091940	-0,019837
-0,036223	-0,042622	0,107644	-0,017497
-0,035213	-0,042564	0,124163	-0,014987
-0,034340	-0,042514	0,139957	-0,012600
-0,032724	-0,042347	0,155994	-0,009688
-0,031328	-0,042203	0,172421	-0,006376
-0,030121	-0,042079	0,188425	-0,002501
-0,029078	-0,041971	0,204571	0,001227
-0,027148	-0,041749	0,220568	0,004974
-0,025481	-0,041557	0,238370	0,009477
-0,024040	-0,041391	0,252815	0,013694
-0,022794	-0,041248	0,269493	0,017430
-0,020624	-0,040952	0,287396	0,020459
-0,018749	-0,040697	0,303447	0,024379
-0,017128	-0,040476	0,320194	0,027621
-0,015727	-0,040285	0,336077	0,030551
-0,013308	-0,039882	0,351539	0,034348
-0,011217	-0,039535	0,366710	0,038623
-0,009409	-0,039234	0,382225	0,042210
-0,007847	-0,038975	0,397659	0,045979
-0,006503	-0,038499	0,412697	0,049760
-0,004045	-0,038088	0,426562	0,054439
-0,001921	-0,037733	0,440261	0,058897
-0,000086	-0,037426	0,454053	0,063112
0,001501	-0,037158	0,466985	0,067370
0,004289	-0,036584	0,479861	0,071935
0,006700	-0,036087	0,492742	0,076911
0,008783	-0,035658	0,505303	0,081447
0,010583	-0,035287	0,518201	0,086162
0,013594	-0,034648	0,530415	0,091050
0,016197	-0,034096	0,543339	0,096089
0,018446	-0,033618	0,555087	0,101148
0,020390	-0,033206	0,567337	0,104960
0,023618	-0,032483	0,579894	0,109502
0,026407	-0,031858	0,591796	0,113608
0,028818	-0,031317	0,602678	0,117392
0,030902	-0,030851	0,613059	0,120680
0,034187	-0,029975	0,622320	0,124245
0,037027	-0,029219	0,630396	0,127778
0,039481	-0,028565	0,638605	0,130379
0,041602	-0,028000	0,646187	0,133296
0,045049	-0,027012	0,652903	0,135184
0,048029	-0,026159	0,659738	0,137612
0,050604	-0,025422	0,665988	0,140180
0,052829	-0,024784	0,671788	0,142381
0,056352	-0,023776	0,677758	0,144663
0,059397	-0,022904	0,683478	0,147268
0,062029	-0,022151	0,689109	0,148724
0,064303	-0,021500	0,695294	0,150633
0,067889	-0,020557	0,700604	0,152228
0,070988	-0,019741	0,706350	0,153734
0,073666	-0,019036	0,711606	0,155198
0,075980	-0,018427	0,716455	0,155902
0,079718	-0,017531	0,720266	0,157072
0,082949	-0,016756	0,724482	0,158336
0,085741	-0,016087	0,726806	0,158271
0,088153	-0,015509	0,729157	0,158414
0,091836	-0,014725	0,730178	0,157850
0,095019	-0,014047	0,730643	0,157309
0,097770	-0,013462	0,730088	0,156751
0,100148	-0,012955	0,728541	0,155293
0,102202	-0,012204	0,725722	0,154032
0,105556	-0,011554	0,722093	0,151985
0,108454	-0,010992	0,718143	0,149872
0,110959	-0,010507	0,713138	0,147322
0,113124	-0,010087	0,707674	0,144233
0,116473	-0,009489	0,702102	0,141021
0,119367	-0,008971	0,696346	0,137450
0,121868	-0,008524	0,691697	0,137328
0,124029	-0,008138	0,685510	0,134620
0,127313	-0,007571	0,677506	0,130887
0,130150	-0,007080	0,671618	0,127950
0,132602	-0,006657	0,665807	0,125738
0,134722	-0,006291	0,657856	0,122162
0,137735	-0,005810	0,652521	0,118801
0,140339	-0,005395	0,648380	0,116981
0,142590	-0,005036	0,642235	0,111973
0,144535	-0,004725	0,636869	0,108441
0,147352	-0,004273	0,632684	0,105659
0,149787	-0,003882	0,626970	0,103978
0,151891	-0,003544	0,622339	0,101042
0,153710	-0,003253	0,616095	0,098957
0,156178	-0,002925	0,610609	0,095312
0,158310	-0,002641	0,602233	0,091926
0,160154	-0,002396	0,593910	0,088439
0,161747	-0,002184	0,582686	0,084613
0,163902	-0,002022	0,573292	0,081468
0,165766	-0,001881	0,559444	0,076256
0,167376	-0,001759	0,547746	0,071263
0,168767	-0,001654	0,534130	0,066822
0,170520	-0,001650	0,520084	0,062007
0,172034	-0,001646	0,506553	0,056942
0,173342	-0,001643	0,493738	0,053396
0,174473	-0,001641	0,478559	0,048144
0,176242	-0,001670	0,464158	0,042105
0,177770	-0,001696	0,451404	0,038078
0,179090	-0,001717	0,439912	0,033514
0,180232	-0,001736	0,426996	0,028991
0,181329	-0,001935	0,414605	0,023816
0,182721	-0,002107	0,403336	0,019199
0,183924	-0,002255	0,391970	0,014396
0,184964	-0,002384	0,380610	0,010263
0,185863	-0,002625	0,368966	0,004232
0,186926	-0,002833	0,356933	0,000358
0,187844	-0,003013	0,344780	-0,003985
0,188637	-0,003169	0,331691	-0,008949
0,189323	-0,003303	0,318210	-0,013999
0,189921	-0,003532	0,303884	-0,018670
0,190439	-0,003730	0,289912	-0,023430
0,190886	-0,003902	0,274745	-0,027490
0,191272	-0,004050	0,260788	-0,031722
0,191608	-0,004378	0,246086	-0,036446
0,191899	-0,004661	0,232566	-0,040962
0,192150	-0,004906	0,218206	-0,045824
0,192367	-0,005118	0,204115	-0,050098
0,192518	-0,005525	0,189370	-0,054370
0,192648	-0,005876	0,175252	-0,059165
0,192760	-0,006180	0,160755	-0,063616
0,192858	-0,006442	0,145894	-0,068294
0,192811	-0,006988	0,130285	-0,073115
0,192771	-0,007459	0,114770	-0,077769
0,192736	-0,007866	0,099012	-0,082135
0,192706	-0,008219	0,082192	-0,086812
0,192348	-0,008860	0,065885	-0,091614
0,192039	-0,009414	0,049224	-0,095745
0,191772	-0,009892	0,032512	-0,099786
0,191542	-0,010306	0,014977	-0,103694
0,190757	-0,011037	-0,002384	-0,106692
0,190079	-0,011669	-0,020044	-0,110367
0,189493	-0,012215	-0,036844	-0,113508
0,188987	-0,012686	-0,054418	-0,116402
0,187934	-0,013390	-0,071577	-0,119175
0,187024	-0,013999	-0,089191	-0,122042
0,186238	-0,014525	-0,106184	-0,124809
0,185558	-0,014979	-0,123330	-0,127652
0,184174	-0,015740	-0,140606	-0,130452
0,182977	-0,016397	-0,158484	-0,133252
0,181943	-0,016966	-0,175525	-0,135455
0,181049	-0,017457	-0,192802	-0,137702
0,180276	-0,018191	-0,209831	-0,139789
0,178630	-0,018825	-0,226518	-0,141737
0,177207	-0,019373	-0,243236	-0,143927
0,175978	-0,019847	-0,259781	-0,145603
0,174915	-0,020257	-0,275707	-0,146888
0,172814	-0,020942	-0,291531	-0,148144
0,170998	-0,021535	-0,307088	-0,149464
0,169429	-0,022047	-0,322467	-0,150099
0,168072	-0,022490	-0,337711	-0,151226
0,165675	-0,023094	-0,352150	-0,152236
0,163602	-0,023617	-0,365714	-0,152856
0,161811	-0,024068	-0,379082	-0,154007
0,160263	-0,024459	-0,392117	-0,154386
0,157686	-0,025131	-0,405082	-0,154118
0,155459	-0,025712	-0,417607	-0,155205
0,153534	-0,026214	-0,429949	-0,155133
0,151870	-0,026649	-0,441719	-0,155360
0,149034	-0,027380	-0,452470	-0,155339
0,146583	-0,028013	-0,463767	-0,154905
0,144465	-0,028560	-0,475032	-0,154277
0,142635	-0,029032	-0,486014	-0,153734
0,139704	-0,029775	-0,497296	-0,153030
0,137170	-0,030417	-0,507750	-0,152421
0,134981	-0,030971	-0,518503	-0,151968
0,133089	-0,031451	-0,528574	-0,150274
0,129865	-0,032244	-0,538470	-0,148973
0,127080	-0,032930	-0,547819	-0,147397
0,124672	-0,033523	-0,555825	-0,145420
0,122591	-0,034035	-0,563306	-0,143006
0,119313	-0,034818	-0,570349	-0,140468
0,116479	-0,035495	-0,576961	-0,137642
0,114030	-0,036080	-0,582910	-0,135634
0,111913	-0,036586	-0,588286	-0,132470
0,108669	-0,037314	-0,593673	-0,128849
0,105866	-0,037943	-0,599143	-0,125250
0,103443	-0,038487	-0,604033	-0,121996
0,101349	-0,038957	-0,609109	-0,118586
0,098262	-0,039583	-0,614255	-0,114211
0,095594	-0,040124	-0,619407	-0,110720
0,093288	-0,040592	-0,624474	-0,107684
0,091295	-0,040996	-0,630463	-0,104247
0,089573	-0,041574	-0,636741	-0,100824
0,086659	-0,042073	-0,642782	-0,097559
0,084142	-0,042504	-0,648346	-0,093616
0,081965	-0,042877	-0,653353	-0,089414
0,080085	-0,043199	-0,657428	-0,085022
0,077143	-0,043584	-0,661238	-0,081173
0,074601	-0,043916	-0,663736	-0,076815
0,072404	-0,044203	-0,665660	-0,072073
0,070505	-0,044451	-0,666528	-0,067179
0,067389	-0,044713	-0,666699	-0,062516
0,064695	-0,044939	-0,665961	-0,057618
0,062367	-0,045135	-0,664925	-0,052301
0,060355	-0,045304	-0,663018	-0,046946